loop: 2,950,000 	 10142209 2949999 24432015
loop: 2,960,000 	 10178714 2959999 24516340
loop: 2,970,000 	 10214255 2969999 24597385
loop: 2,980,000 	 10249407 2979999 24674243
loop: 2,990,000 	 10283105 2989999 24754247
loop: 3,000,000 	 10317764 2999999 24829862
loop: 3,010,000 	 10355190 3009999 24916699
loop: 3,020,000 	 10391277 3019999 24999041
loop: 3,030,000 	 10427410 3029999 25101353
loop: 3,040,000 	 10462095 3039999 25194304
loop: 3,050,000 	 10493770 3049999 25272536
loop: 3,060,000 	 10530210 3059999 25354726
loop: 3,070,000 	 10564150 3069999 25435482
loop: 3,080,000 	 10597871 3079999 25511927
loop: 3,090,000 	 10634511 3089999 25600330
loop: 3,100,000 	 10670700 3099999 25680401
loop: 3,110,000 	 10704433 3109999 25756455
loop: 3,120,000 	 10742748 3119999 25840501
loop: 3,130,000 	 10777406 3129999 25915512
loop: 3,140,000 	 10812406 3139999 26000947
loop: 3,150,000 	 10846053 3149999 26085420
loop: 3,160,000 	 10883184 3159999 26182342
loop: 3,170,000 	 10920204 3169999 26263359
loop: 3,180,000 	 10952848 3179999 26343092
loop: 3,190,000 	 10987232 3189999 26419424
loop: 3,200,000 	 11021084 3199999 26501167
loop: 3,210,000 	 11054752 3209999 26578403
loop: 3,220,000 	 11087509 3219999 26653223
loop: 3,230,000 	 11122281 3229999 26732989
loop: 3,240,000 	 11155141 3239999 26811032
loop: 3,250,000 	 11187900 3249999 26887424
loop: 3,260,000 	 11225123 3259999 26982015
loop: 3,270,000 	 11257577 3269999 27070022
loop: 3,280,000 	 11293809 3279999 27153772
loop: 3,290,000 	 11330512 3289999 27237708
loop: 3,300,000 	 11361920 3299999 27312997
loop: 3,310,000 	 11397024 3309999 27391043
loop: 3,320,000 	 11430267 3319999 27471107
loop: 3,330,000 	 11466597 3329999 27551180
loop: 3,340,000 	 11502312 3339999 27632964
loop: 3,350,000 	 11537195 3349999 27715104
loop: 3,360,000 	 11572375 3359999 27806649
loop: 3,370,000 	 11606846 3369999 27900847
loop: 3,380,000 	 11643798 3379999 27979820
loop: 3,390,000 	 11679569 3389999 28061244
loop: 3,400,000 	 11716448 3399999 28141654
loop: 3,410,000 	 11750835 3409999 28220509
loop: 3,420,000 	 11785992 3419999 28301205
loop: 3,430,000 	 11820121 3429999 28379829
loop: 3,440,000 	 11854925 3439999 28458708
loop: 3,450,000 	 11892201 3449999 28545925
loop: 3,460,000 	 11926136 3459999 28632929
loop: 3,470,000 	 11961671 3469999 28712915
loop: 3,480,000 	 11993632 3479999 28789699
loop: 3,490,000 	 12026067 3489999 28862326
loop: 3,500,000 	 12060202 3499999 28938753
loop: 3,510,000 	 12095470 3509999 29020251
loop: 3,520,000 	 12130911 3519999 29104223
loop: 3,530,000 	 12166289 3529999 29193243
loop: 3,540,000 	 12203718 3539999 29286354
loop: 3,550,000 	 12239606 3549999 29367838
loop: 3,560,000 	 12275962 3559999 29449486
loop: 3,570,000 	 12310357 3569999 29524716
loop: 3,580,000 	 12344890 3579999 29605905
loop: 3,590,000 	 12381093 3589999 29693491
loop: 3,600,000 	 12417324 3599999 29780450
loop: 3,610,000 	 12452563 3609999 29863281
loop: 3,620,000 	 12487715 3619999 29946193
loop: 3,630,000 	 12523800 3629999 30027661
loop: 3,640,000 	 12559315 3639999 30107216
loop: 3,650,000 	 12597306 3649999 30200489
loop: 3,660,000 	 12632054 3659999 30281216
loop: 3,670,000 	 12665904 3669999 30360523
loop: 3,680,000 	 12701878 3679999 30442119
loop: 3,690,000 	 12739087 3689999 30532851
loop: 3,700,000 	 12774512 3699999 30612761
loop: 3,710,000 	 12810752 3709999 30694840
loop: 3,720,000 	 12846353 3719999 30779707
loop: 3,730,000 	 12882590 3729999 30855955
loop: 3,740,000 	 12919182 3739999 30936716

A-only SAMPLE
('0', '0', 'N', 0, 0, 251, 251)
('100', '100', 'N', 0, 0, 251, 251)
('100', '100666', 'N', -18, -20, 231, 231)
('100', '100666', 'N', -18, -20, 231, 231)
('100', '100668', 'I', -222, 222, 223, 223)
('100', '100668', 'I', 222, -222, 223, 223)
('100', '100972', 'I', -247, 247, 249, 249)
('100', '100972', 'I', 249, -249, 249, 249)
('100', '101079', 'I', -240, 241, 242, 242)
('100', '101079', 'I', 242, -241, 242, 242)
('100', '101478', 'N', -17, -17, 234, 234)
('100', '101478', 'N', -17, -17, 234, 234)
('100', '101597', 'N', -7, -7, 244, 244)
('100', '101597', 'N', -7, -7, 244, 244)
('100', '101973', 'N', -18, -21, 230, 230)
('100', '101973', 'N', -18, -21, 230, 230)
('100', '102261', 'N', -19, -20, 231, 231)
('100', '102261', 'N', -19, -20, 231, 231)
('100', '102463', 'N', -33, -33, 218, 218)
('100', '102463', 'N', -33, -33, 218, 218)

AB SAMPLE
('100', '6494', 'N', 14, 13, 237, 237)
('10000', '9853', 'N', -28, -28, 222, 222)
('100000', '1190', 'N', -52, -55, 196, 196)
('100000', '21241', 'N', -4, -4, 247, 247)
('100000', '22036', 'N', -52, -55, 196, 196)
('100000', '32830', 'N', 0, 0, 251, 251)
('100000', '33134', 'N', -52, -55, 196, 196)
('100000', '36524', 'N', -45, -45, 206, 206)
('100000', '38941', 'N', -8, -9, 242, 242)
('100000', '41910', 'N', -52, -55, 196, 196)
('100000', '43687', 'N', -52, -55, 196, 196)
('100000', '4413', 'N', -26, -27, 224, 224)
('100000', '47055', 'N', -13, -15, 236, 236)
('100000', '47644', 'N', 51, 50, 200, 200)
('100000', '52908', 'N', 40, 38, 211, 211)
('100000', '55014', 'N', -47, -47, 204, 204)
('100000', '59198', 'N', -52, -55, 196, 196)
('100000', '6073', 'N', -2, -2, 249, 249)
('100000', '61839', 'N', -16, -16, 235, 235)
('100000', '61884', 'N', 0, 0, 251, 251)

B-only SAMPLE
('0', '100073', 'N', -101, -109, 142, 142)
('0', '100101', 'I', -19, -20, 231, 231)
('0', '100329', 'N', 140, 138, 111, 111)
('0', '100425', 'I', 74, 74, 177, 177)
('0', '100750', 'N', 43, 43, 208, 208)
('0', '101010', 'N', 9, 8, 242, 242)
('0', '101179', 'I', 131, 131, 120, 120)
('0', '101947', 'N', 85, 85, 166, 166)
('0', '102143', 'N', -87, -87, 164, 164)
('0', '102926', 'N', 24, 24, 227, 227)
('0', '10303', 'N', 43, 43, 208, 208)
('0', '103525', 'N', 140, 138, 111, 111)
('0', '103584', 'N', 6, 4, 245, 245)
('0', '103824', 'I', -102, -102, 149, 149)
('0', '103897', 'N', 119, 118, 132, 132)
('0', '103953', 'N', 43, 43, 208, 208)
('0', '104180', 'I', -104, -104, 147, 147)
('0', '104534', 'I', 133, 131, 118, 118)
('0', '104849', 'N', -87, -87, 164, 164)
('0', '104948', 'I', 98, 98, 153, 153)
0.22445917585601072 0.10785396207885681 0.14569879235873304