C:\Users\Christopher\AppData\Local\Programs\Python\Python35-32\python.exe C:/Users/Christopher/Documents/GitHub/overlaps_phase3/analysis.py
COUNTS of  ./data/viral/aspop.sorted.tsv vs. ./data/viral/truth_really_sorted.tsv
loop: 10,000 	 4313 9999 38125
loop: 20,000 	 6287 19999 77345
loop: 30,000 	 11172 29999 114868
loop: 40,000 	 15274 39999 154989
loop: 50,000 	 20418 49999 187828
loop: 60,000 	 25014 59999 221244
loop: 70,000 	 28660 69999 253724
loop: 80,000 	 33532 79999 288679
loop: 90,000 	 37602 89999 317968
loop: 100,000 	 42272 99999 345307
loop: 110,000 	 47696 109999 377291
loop: 120,000 	 53463 119999 412567
loop: 130,000 	 58400 129999 445747
loop: 140,000 	 64337 139999 481013
loop: 150,000 	 70137 149999 510154
loop: 160,000 	 76740 159999 542032
loop: 170,000 	 80094 169999 570304
loop: 180,000 	 88608 179999 615689
loop: 190,000 	 92363 189999 642112
loop: 200,000 	 95229 199999 668962
loop: 210,000 	 98294 209999 697623
loop: 220,000 	 100490 219999 730901
loop: 230,000 	 104251 229999 762763
loop: 240,000 	 106784 239999 792095
loop: 250,000 	 111425 249999 822170
loop: 260,000 	 114820 259999 848432
loop: 270,000 	 118722 269999 876269
loop: 280,000 	 121987 279999 907062
loop: 290,000 	 126420 289999 931025
loop: 300,000 	 130736 299999 966822
loop: 310,000 	 134218 309999 995635
loop: 320,000 	 137503 319999 1021180
loop: 330,000 	 141178 329999 1055598
loop: 340,000 	 146620 339999 1088008
loop: 350,000 	 150495 349999 1123669
loop: 360,000 	 156708 359999 1164406
loop: 370,000 	 161746 369999 1194699
loop: 380,000 	 165080 379999 1223261
loop: 390,000 	 166730 389999 1246964
loop: 400,000 	 171167 399999 1278154
loop: 410,000 	 175042 409999 1310422
loop: 420,000 	 182604 419999 1352330
loop: 430,000 	 186853 429999 1381394
loop: 440,000 	 190400 439999 1413058
loop: 450,000 	 193742 449999 1441843
loop: 460,000 	 199673 459999 1479617
loop: 470,000 	 204538 469999 1507104
loop: 480,000 	 209487 479999 1540249
loop: 490,000 	 213742 489999 1567491
loop: 500,000 	 218059 499999 1594615
loop: 510,000 	 222797 509999 1627353
loop: 520,000 	 226629 519999 1652738
loop: 530,000 	 231979 529999 1685536
loop: 540,000 	 238332 539999 1716522
loop: 550,000 	 244153 549999 1748160
loop: 560,000 	 249111 559999 1775237
loop: 570,000 	 252196 569999 1805755
loop: 580,000 	 257024 579999 1832071
loop: 590,000 	 261474 589999 1860960
loop: 600,000 	 265276 599999 1888402
loop: 610,000 	 270686 609999 1921407
loop: 620,000 	 275035 619999 1953166
loop: 630,000 	 280647 629999 1981054
loop: 640,000 	 284740 639999 2007692
loop: 650,000 	 288608 649999 2036044
loop: 660,000 	 293924 659999 2065749
loop: 670,000 	 298119 669999 2102045
loop: 680,000 	 303051 679999 2134924
loop: 690,000 	 307825 689999 2166447
loop: 700,000 	 313158 699999 2199792
loop: 710,000 	 316516 709999 2227840
loop: 720,000 	 321727 719999 2264457
loop: 730,000 	 326655 729999 2306168
loop: 740,000 	 330333 739999 2330591
loop: 750,000 	 334545 749999 2363547
loop: 760,000 	 337191 759999 2388106
loop: 770,000 	 341858 769999 2416202
loop: 780,000 	 346373 779999 2445609
loop: 790,000 	 350910 789999 2479986
loop: 800,000 	 354032 799999 2504108
loop: 810,000 	 356406 809999 2528233
loop: 820,000 	 362249 819999 2562706
loop: 830,000 	 366295 829999 2589298
loop: 840,000 	 369119 839999 2611840
loop: 850,000 	 374209 849999 2643586
loop: 860,000 	 376726 859999 2670595
loop: 870,000 	 381277 869999 2705347
loop: 880,000 	 386553 879999 2742713
loop: 890,000 	 390680 889999 2776397
loop: 900,000 	 394385 899999 2805863
loop: 910,000 	 398572 909999 2836935
loop: 920,000 	 402657 919999 2865532
loop: 930,000 	 406287 929999 2902652
loop: 940,000 	 413589 939999 2938460
loop: 950,000 	 417976 949999 2972264
loop: 960,000 	 423690 959999 3014559
loop: 970,000 	 426730 969999 3047866
loop: 980,000 	 430351 979999 3089370
loop: 990,000 	 433328 989999 3132082
loop: 1,000,000 	 437350 999999 3174106
loop: 1,010,000 	 442312 1009999 3211079
loop: 1,020,000 	 445485 1019999 3243059
loop: 1,030,000 	 449520 1029999 3287870
loop: 1,040,000 	 453807 1039999 3315982
loop: 1,050,000 	 457400 1049999 3346794
loop: 1,060,000 	 460924 1059999 3371055
loop: 1,070,000 	 465131 1069999 3401236
loop: 1,080,000 	 467657 1079999 3431040
loop: 1,090,000 	 471401 1089999 3460465
loop: 1,100,000 	 476569 1099999 3489061
loop: 1,110,000 	 481164 1109999 3516997
loop: 1,120,000 	 485121 1119999 3547230
loop: 1,130,000 	 489149 1129999 3576905
loop: 1,140,000 	 493673 1139999 3607933
loop: 1,150,000 	 496883 1149999 3632272
loop: 1,160,000 	 501150 1159999 3664998
loop: 1,170,000 	 506159 1169999 3694858
loop: 1,180,000 	 509584 1179999 3729049
loop: 1,190,000 	 514202 1189999 3760771
loop: 1,200,000 	 520230 1199999 3793498
loop: 1,210,000 	 524622 1209999 3824432
loop: 1,220,000 	 529402 1219999 3854475
loop: 1,230,000 	 533825 1229999 3884605
loop: 1,240,000 	 536856 1239999 3919732
loop: 1,250,000 	 541737 1249999 3949265
loop: 1,260,000 	 546209 1259999 3975264
loop: 1,270,000 	 551320 1269999 4004448
loop: 1,280,000 	 555653 1279999 4030657
loop: 1,290,000 	 559499 1289999 4053028
loop: 1,300,000 	 563223 1299999 4088801
loop: 1,310,000 	 567852 1309999 4121821
loop: 1,320,000 	 572556 1319999 4156344
loop: 1,330,000 	 577573 1329999 4187218
loop: 1,340,000 	 580913 1339999 4213726
loop: 1,350,000 	 585923 1349999 4244458
loop: 1,360,000 	 591282 1359999 4278548
loop: 1,370,000 	 596946 1369999 4305708
loop: 1,380,000 	 600204 1379999 4334587
loop: 1,390,000 	 605566 1389999 4365204
loop: 1,400,000 	 609552 1399999 4390883
loop: 1,410,000 	 612763 1409999 4423912
loop: 1,420,000 	 618076 1419999 4450672
loop: 1,430,000 	 622796 1429999 4482506
loop: 1,440,000 	 627318 1439999 4513537
loop: 1,450,000 	 631026 1449999 4538273
loop: 1,460,000 	 634802 1459999 4568565
loop: 1,470,000 	 639737 1469999 4594628
loop: 1,480,000 	 643740 1479999 4625929
loop: 1,490,000 	 646555 1489999 4649359
loop: 1,500,000 	 651370 1499999 4685015
loop: 1,510,000 	 655381 1509999 4713228
loop: 1,520,000 	 659810 1519999 4741820
loop: 1,530,000 	 662230 1529999 4771559
loop: 1,540,000 	 668503 1539999 4809495
loop: 1,550,000 	 671930 1549999 4841646
loop: 1,560,000 	 675422 1559999 4867940
loop: 1,570,000 	 683147 1569999 4904523
loop: 1,580,000 	 686865 1579999 4930426
loop: 1,590,000 	 691409 1589999 4959171
loop: 1,600,000 	 697350 1599999 4990656
loop: 1,610,000 	 701252 1609999 5019613
loop: 1,620,000 	 704960 1619999 5048645
loop: 1,630,000 	 709064 1629999 5073836
loop: 1,640,000 	 711686 1639999 5096439
loop: 1,650,000 	 716679 1649999 5134276
loop: 1,660,000 	 721425 1659999 5167028
loop: 1,670,000 	 726402 1669999 5198514
loop: 1,680,000 	 731745 1679999 5234795
loop: 1,690,000 	 736536 1689999 5265184
loop: 1,700,000 	 742417 1699999 5292840
loop: 1,710,000 	 745390 1709999 5319621
loop: 1,720,000 	 750770 1719999 5349264
loop: 1,730,000 	 755637 1729999 5378107
loop: 1,740,000 	 759504 1739999 5403364
loop: 1,750,000 	 763329 1749999 5435849
loop: 1,760,000 	 766354 1759999 5469466
loop: 1,770,000 	 771412 1769999 5505036
loop: 1,780,000 	 778179 1779999 5541478
loop: 1,790,000 	 781170 1789999 5571722
loop: 1,800,000 	 787253 1799999 5600863
loop: 1,810,000 	 792886 1809999 5640033
loop: 1,820,000 	 796527 1819999 5670571
loop: 1,830,000 	 800669 1829999 5703958
loop: 1,840,000 	 803749 1839999 5736888
loop: 1,850,000 	 807593 1849999 5775460
loop: 1,860,000 	 811042 1859999 5803491
loop: 1,870,000 	 816993 1869999 5842686
loop: 1,880,000 	 822060 1879999 5873580
loop: 1,890,000 	 825688 1889999 5900196
loop: 1,900,000 	 829093 1899999 5927863
loop: 1,910,000 	 832594 1909999 5960097
loop: 1,920,000 	 837261 1919999 5988675
loop: 1,930,000 	 843826 1929999 6017229
loop: 1,940,000 	 847120 1939999 6048575
loop: 1,950,000 	 850905 1949999 6077383
loop: 1,960,000 	 853656 1959999 6103601
loop: 1,970,000 	 859669 1969999 6138849
loop: 1,980,000 	 863342 1979999 6169451
loop: 1,990,000 	 867122 1989999 6197942
loop: 2,000,000 	 871972 1999999 6235278
loop: 2,010,000 	 876414 2009999 6272547
loop: 2,020,000 	 882658 2019999 6307152
loop: 2,030,000 	 887715 2029999 6355442
loop: 2,040,000 	 893479 2039999 6392667
loop: 2,050,000 	 898134 2049999 6436837
loop: 2,060,000 	 903314 2059999 6471795
loop: 2,070,000 	 909774 2069999 6514593
loop: 2,080,000 	 915612 2079999 6548890
loop: 2,090,000 	 921746 2089999 6593346
loop: 2,100,000 	 925105 2099999 6627214
loop: 2,110,000 	 930218 2109999 6657810
loop: 2,120,000 	 934827 2119999 6687977
loop: 2,130,000 	 940237 2129999 6723073
loop: 2,140,000 	 942860 2139999 6749037
loop: 2,150,000 	 947070 2149999 6781825
loop: 2,160,000 	 950360 2159999 6815284
loop: 2,170,000 	 955212 2169999 6843744
loop: 2,180,000 	 959005 2179999 6874999
loop: 2,190,000 	 964344 2189999 6905837
loop: 2,200,000 	 967957 2199999 6938739
loop: 2,210,000 	 974857 2209999 6968684
loop: 2,220,000 	 979882 2219999 6999577
loop: 2,230,000 	 985426 2229999 7028034
loop: 2,240,000 	 990940 2239999 7058228
loop: 2,250,000 	 995034 2249999 7086825
loop: 2,260,000 	 998928 2259999 7114765
loop: 2,270,000 	 1003952 2269999 7144848
loop: 2,280,000 	 1007840 2279999 7169596
loop: 2,290,000 	 1011219 2289999 7201019
loop: 2,300,000 	 1014818 2299999 7227893
loop: 2,310,000 	 1018364 2309999 7258510
loop: 2,320,000 	 1022473 2319999 7282264
loop: 2,330,000 	 1025702 2329999 7313135
loop: 2,340,000 	 1031105 2339999 7348060
loop: 2,350,000 	 1033668 2349999 7371796
loop: 2,360,000 	 1036735 2359999 7399587
loop: 2,370,000 	 1041646 2369999 7430480
loop: 2,380,000 	 1046184 2379999 7458741
loop: 2,390,000 	 1050121 2389999 7488389
loop: 2,400,000 	 1055750 2399999 7519706
loop: 2,410,000 	 1058754 2409999 7547924
loop: 2,420,000 	 1064410 2419999 7578141
loop: 2,430,000 	 1066990 2429999 7603327
loop: 2,440,000 	 1071292 2439999 7631831
loop: 2,450,000 	 1075445 2449999 7663255
loop: 2,460,000 	 1082286 2459999 7697275
loop: 2,470,000 	 1088038 2469999 7730288
loop: 2,480,000 	 1093088 2479999 7759154
loop: 2,490,000 	 1097623 2489999 7783710
loop: 2,500,000 	 1102274 2499999 7814831
loop: 2,510,000 	 1107420 2509999 7844757
loop: 2,520,000 	 1113079 2519999 7874158
loop: 2,530,000 	 1118752 2529999 7907119
loop: 2,540,000 	 1122723 2539999 7936235
loop: 2,550,000 	 1125317 2549999 7962910
loop: 2,560,000 	 1131252 2559999 7990571
loop: 2,570,000 	 1133709 2569999 8015200
loop: 2,580,000 	 1136258 2579999 8045088
loop: 2,590,000 	 1140923 2589999 8081941
loop: 2,600,000 	 1144513 2599999 8107078
loop: 2,610,000 	 1147795 2609999 8137441
loop: 2,620,000 	 1150750 2619999 8167157
loop: 2,630,000 	 1154510 2629999 8190412
loop: 2,640,000 	 1159463 2639999 8226976
loop: 2,650,000 	 1163351 2649999 8256301
loop: 2,660,000 	 1167597 2659999 8282559
loop: 2,670,000 	 1170732 2669999 8309863
loop: 2,680,000 	 1174992 2679999 8343352
loop: 2,690,000 	 1179786 2689999 8374434
loop: 2,700,000 	 1183715 2699999 8400876
loop: 2,710,000 	 1191810 2709999 8437435
loop: 2,720,000 	 1196693 2719999 8467191
loop: 2,730,000 	 1200074 2729999 8494665
loop: 2,740,000 	 1202896 2739999 8523244
loop: 2,750,000 	 1206085 2749999 8557403
loop: 2,760,000 	 1209232 2759999 8581550
loop: 2,770,000 	 1212070 2769999 8609716
loop: 2,780,000 	 1217917 2779999 8639195
loop: 2,790,000 	 1221647 2789999 8666743
loop: 2,800,000 	 1227984 2799999 8694135
loop: 2,810,000 	 1231425 2809999 8721636
loop: 2,820,000 	 1235696 2819999 8752018
loop: 2,830,000 	 1238244 2829999 8782298
loop: 2,840,000 	 1241518 2839999 8810858
loop: 2,850,000 	 1246301 2849999 8842942
loop: 2,860,000 	 1251213 2859999 8875082
loop: 2,870,000 	 1256726 2869999 8913607
loop: 2,880,000 	 1260932 2879999 8944063
loop: 2,890,000 	 1264824 2889999 8977084
loop: 2,900,000 	 1269310 2899999 9006001
loop: 2,910,000 	 1275576 2909999 9047142
loop: 2,920,000 	 1281832 2919999 9088823
loop: 2,930,000 	 1287515 2929999 9127578
loop: 2,940,000 	 1291959 2939999 9160037
loop: 2,950,000 	 1296086 2949999 9194377
loop: 2,960,000 	 1300344 2959999 9235645
loop: 2,970,000 	 1305812 2969999 9273295
loop: 2,980,000 	 1308633 2979999 9305339
loop: 2,990,000 	 1312000 2989999 9337785
loop: 3,000,000 	 1315595 2999999 9369618
loop: 3,010,000 	 1321558 3009999 9403890
loop: 3,020,000 	 1325217 3019999 9433145
loop: 3,030,000 	 1330305 3029999 9464981
loop: 3,040,000 	 1333391 3039999 9491708
loop: 3,050,000 	 1337624 3049999 9522669
loop: 3,060,000 	 1342174 3059999 9555540
loop: 3,070,000 	 1346627 3069999 9580171
loop: 3,080,000 	 1350842 3079999 9612222
loop: 3,090,000 	 1357422 3089999 9643413
loop: 3,100,000 	 1363818 3099999 9681844
loop: 3,110,000 	 1368444 3109999 9715178
loop: 3,120,000 	 1371851 3119999 9742280
loop: 3,130,000 	 1376350 3129999 9767778
loop: 3,140,000 	 1381358 3139999 9799509
loop: 3,150,000 	 1385428 3149999 9830365
loop: 3,160,000 	 1391193 3159999 9858320
loop: 3,170,000 	 1395173 3169999 9885312
loop: 3,180,000 	 1399950 3179999 9915051
loop: 3,190,000 	 1405859 3189999 9953345
loop: 3,200,000 	 1410342 3199999 9986925
loop: 3,210,000 	 1416154 3209999 10026867
loop: 3,220,000 	 1419532 3219999 10057120
loop: 3,230,000 	 1425466 3229999 10085256
loop: 3,240,000 	 1429712 3239999 10114549
loop: 3,250,000 	 1433632 3249999 10137628
loop: 3,260,000 	 1438105 3259999 10171706
loop: 3,270,000 	 1442268 3269999 10198623
loop: 3,280,000 	 1446154 3279999 10221608
loop: 3,290,000 	 1452130 3289999 10259926
loop: 3,300,000 	 1456218 3299999 10291726
loop: 3,310,000 	 1461052 3309999 10323535
loop: 3,320,000 	 1465207 3319999 10357699
loop: 3,330,000 	 1470459 3329999 10386181
loop: 3,340,000 	 1475944 3339999 10421181
loop: 3,350,000 	 1478932 3349999 10448489
loop: 3,360,000 	 1483005 3359999 10479989
loop: 3,370,000 	 1487497 3369999 10511905
loop: 3,380,000 	 1492182 3379999 10539324
loop: 3,390,000 	 1496259 3389999 10567039
loop: 3,400,000 	 1500417 3399999 10602863
loop: 3,410,000 	 1503628 3409999 10636252
loop: 3,420,000 	 1508596 3419999 10667174
loop: 3,430,000 	 1511917 3429999 10702476
loop: 3,440,000 	 1517219 3439999 10735410
loop: 3,450,000 	 1520801 3449999 10764363
loop: 3,460,000 	 1524043 3459999 10791359
loop: 3,470,000 	 1528104 3469999 10822035
loop: 3,480,000 	 1533643 3479999 10850836
loop: 3,490,000 	 1537835 3489999 10877520
loop: 3,500,000 	 1541042 3499999 10902953
loop: 3,510,000 	 1544822 3509999 10933342
loop: 3,520,000 	 1549520 3519999 10967273
loop: 3,530,000 	 1553802 3529999 10999848
loop: 3,540,000 	 1557877 3539999 11029842
loop: 3,550,000 	 1561969 3549999 11058465
loop: 3,560,000 	 1564531 3559999 11082533
loop: 3,570,000 	 1570753 3569999 11118028
loop: 3,580,000 	 1575763 3579999 11146421
loop: 3,590,000 	 1577802 3589999 11172231
loop: 3,600,000 	 1582634 3599999 11206635
loop: 3,610,000 	 1588318 3609999 11237055
loop: 3,620,000 	 1593571 3619999 11264984
loop: 3,630,000 	 1597305 3629999 11292654
loop: 3,640,000 	 1600902 3639999 11324354
loop: 3,650,000 	 1605592 3649999 11355077
loop: 3,660,000 	 1611016 3659999 11384845
loop: 3,670,000 	 1615563 3669999 11412133
loop: 3,680,000 	 1623241 3679999 11452283
loop: 3,690,000 	 1626264 3689999 11482914
loop: 3,700,000 	 1630694 3699999 11517964
loop: 3,710,000 	 1635901 3709999 11546467
loop: 3,720,000 	 1641720 3719999 11577074
loop: 3,730,000 	 1647157 3729999 11603087
loop: 3,740,000 	 1650563 3739999 11629170
loop: 3,750,000 	 1654665 3749999 11660233
loop: 3,760,000 	 1656942 3759999 11687808
loop: 3,770,000 	 1661097 3769999 11721128
loop: 3,780,000 	 1665481 3779999 11751933
loop: 3,790,000 	 1668894 3789999 11783132
loop: 3,800,000 	 1673893 3799999 11825546
loop: 3,810,000 	 1679504 3809999 11871231
loop: 3,820,000 	 1684855 3819999 11912690
loop: 3,830,000 	 1688830 3829999 11943490
loop: 3,840,000 	 1693732 3839999 11974375
loop: 3,850,000 	 1697886 3849999 12000786
loop: 3,860,000 	 1701616 3859999 12035214
loop: 3,870,000 	 1706937 3869999 12071175
loop: 3,880,000 	 1710702 3879999 12099894
loop: 3,890,000 	 1716319 3889999 12135074
loop: 3,900,000 	 1720181 3899999 12168580
loop: 3,910,000 	 1723367 3909999 12199114
loop: 3,920,000 	 1727060 3919999 12232020
loop: 3,930,000 	 1730890 3929999 12263646
loop: 3,940,000 	 1734705 3939999 12297361
loop: 3,950,000 	 1739007 3949999 12324939
loop: 3,960,000 	 1743731 3959999 12355719
loop: 3,970,000 	 1747700 3969999 12381286
loop: 3,980,000 	 1751618 3979999 12410019
loop: 3,990,000 	 1756769 3989999 12438723
loop: 4,000,000 	 1761255 3999999 12466575
loop: 4,010,000 	 1764694 4009999 12498085
loop: 4,020,000 	 1768379 4019999 12529265
loop: 4,030,000 	 1771663 4029999 12554669
loop: 4,040,000 	 1774989 4039999 12587743
loop: 4,050,000 	 1779002 4049999 12615852
loop: 4,060,000 	 1783253 4059999 12642632
loop: 4,070,000 	 1787434 4069999 12673714
loop: 4,080,000 	 1791601 4079999 12700934
loop: 4,090,000 	 1796636 4089999 12731708
loop: 4,100,000 	 1802661 4099999 12759190
loop: 4,110,000 	 1808636 4109999 12788607
loop: 4,120,000 	 1813144 4119999 12823331
loop: 4,130,000 	 1817343 4129999 12856786
loop: 4,140,000 	 1824020 4139999 12885465
loop: 4,150,000 	 1827497 4149999 12911937
loop: 4,160,000 	 1830396 4159999 12939760
loop: 4,170,000 	 1832481 4169999 12969959
loop: 4,180,000 	 1836887 4179999 13003121
loop: 4,190,000 	 1841742 4189999 13030620
loop: 4,200,000 	 1846056 4199999 13063410
loop: 4,210,000 	 1850310 4209999 13094702
loop: 4,220,000 	 1854592 4219999 13118498
loop: 4,230,000 	 1859096 4229999 13145189
loop: 4,240,000 	 1863560 4239999 13172470
loop: 4,250,000 	 1867449 4249999 13201258
loop: 4,260,000 	 1871774 4259999 13233520
loop: 4,270,000 	 1874713 4269999 13263429
loop: 4,280,000 	 1878108 4279999 13290901
loop: 4,290,000 	 1882322 4289999 13315981
loop: 4,300,000 	 1889262 4299999 13352688
loop: 4,310,000 	 1892735 4309999 13383512
loop: 4,320,000 	 1898650 4319999 13413925
loop: 4,330,000 	 1904421 4329999 13446519
loop: 4,340,000 	 1908445 4339999 13481089
loop: 4,350,000 	 1912612 4349999 13517668
loop: 4,360,000 	 1915894 4359999 13542789
loop: 4,370,000 	 1920898 4369999 13576755
loop: 4,380,000 	 1925539 4379999 13609178
loop: 4,390,000 	 1930378 4389999 13635946
loop: 4,400,000 	 1935036 4399999 13674460
loop: 4,410,000 	 1940791 4409999 13706120
loop: 4,420,000 	 1943797 4419999 13734856
loop: 4,430,000 	 1947611 4429999 13762941
loop: 4,440,000 	 1951988 4439999 13804530
loop: 4,450,000 	 1955350 4449999 13832845
loop: 4,460,000 	 1959564 4459999 13862656
loop: 4,470,000 	 1963979 4469999 13895546
loop: 4,480,000 	 1966979 4479999 13923397
loop: 4,490,000 	 1971602 4489999 13962918
loop: 4,500,000 	 1975676 4499999 13995467
loop: 4,510,000 	 1980655 4509999 14021874
loop: 4,520,000 	 1984836 4519999 14054159
loop: 4,530,000 	 1990364 4529999 14088156
loop: 4,540,000 	 1996457 4539999 14119920
loop: 4,550,000 	 2001705 4549999 14158749
loop: 4,560,000 	 2005447 4559999 14196199
loop: 4,570,000 	 2012054 4569999 14230421
loop: 4,580,000 	 2016288 4579999 14265084
loop: 4,590,000 	 2019233 4589999 14303117
loop: 4,600,000 	 2022923 4599999 14344895
loop: 4,610,000 	 2028000 4609999 14383018
loop: 4,620,000 	 2031276 4619999 14416506
loop: 4,630,000 	 2036927 4629999 14451362
loop: 4,640,000 	 2040249 4639999 14483279
loop: 4,650,000 	 2045746 4649999 14517672
loop: 4,660,000 	 2050696 4659999 14551115
loop: 4,670,000 	 2055028 4669999 14575332
loop: 4,680,000 	 2061198 4679999 14616147
loop: 4,690,000 	 2066383 4689999 14650181
loop: 4,700,000 	 2071413 4699999 14678442
loop: 4,710,000 	 2075374 4709999 14705290
loop: 4,720,000 	 2078599 4719999 14734849
loop: 4,730,000 	 2084812 4729999 14769297
loop: 4,740,000 	 2087277 4739999 14799184
loop: 4,750,000 	 2091203 4749999 14835256
loop: 4,760,000 	 2094601 4759999 14869133
loop: 4,770,000 	 2101879 4769999 14904354
loop: 4,780,000 	 2106712 4779999 14932132
loop: 4,790,000 	 2111280 4789999 14968581
loop: 4,800,000 	 2115241 4799999 15002124
loop: 4,810,000 	 2119692 4809999 15030232
loop: 4,820,000 	 2126318 4819999 15058435
loop: 4,830,000 	 2131660 4829999 15089224
loop: 4,840,000 	 2137161 4839999 15121819
loop: 4,850,000 	 2143296 4849999 15153302
loop: 4,860,000 	 2149942 4859999 15183298
loop: 4,870,000 	 2154330 4869999 15208205
loop: 4,880,000 	 2157320 4879999 15237091
loop: 4,890,000 	 2159292 4889999 15262707
loop: 4,900,000 	 2162283 4899999 15286272
loop: 4,910,000 	 2167284 4909999 15317822
loop: 4,920,000 	 2170834 4919999 15342014
loop: 4,930,000 	 2174875 4929999 15367969
loop: 4,940,000 	 2179263 4939999 15400446
loop: 4,950,000 	 2184161 4949999 15431263
loop: 4,960,000 	 2188907 4959999 15465231
loop: 4,970,000 	 2194200 4969999 15494895
loop: 4,980,000 	 2198507 4979999 15522008
loop: 4,990,000 	 2202608 4989999 15549094
loop: 5,000,000 	 2207024 4999999 15576560
loop: 5,010,000 	 2211295 5009999 15609437
loop: 5,020,000 	 2214372 5019999 15640398
loop: 5,030,000 	 2219292 5029999 15675608
loop: 5,040,000 	 2224033 5039999 15707898
loop: 5,050,000 	 2226961 5049999 15735846
loop: 5,060,000 	 2231013 5059999 15758793
loop: 5,070,000 	 2235540 5069999 15786832
loop: 5,080,000 	 2240353 5079999 15817667
loop: 5,090,000 	 2245643 5089999 15848955
loop: 5,100,000 	 2250390 5099999 15878457
loop: 5,110,000 	 2254511 5109999 15905679
loop: 5,120,000 	 2258867 5119999 15934173
loop: 5,130,000 	 2262818 5129999 15969613
loop: 5,140,000 	 2266023 5139999 15993031
loop: 5,150,000 	 2269331 5149999 16019942
loop: 5,160,000 	 2274722 5159999 16052291
loop: 5,170,000 	 2278488 5169999 16081535
loop: 5,180,000 	 2281749 5179999 16108316
loop: 5,190,000 	 2284776 5189999 16137238
loop: 5,200,000 	 2287981 5199999 16161476
loop: 5,210,000 	 2293485 5209999 16191062
loop: 5,220,000 	 2295719 5219999 16219712
loop: 5,230,000 	 2299308 5229999 16248128
loop: 5,240,000 	 2305635 5239999 16277901
loop: 5,250,000 	 2310675 5249999 16312197
loop: 5,260,000 	 2314973 5259999 16345418
loop: 5,270,000 	 2318986 5269999 16375572
loop: 5,280,000 	 2324144 5279999 16408072
loop: 5,290,000 	 2327454 5289999 16438892
loop: 5,300,000 	 2331091 5299999 16473757
loop: 5,310,000 	 2336954 5309999 16510892
loop: 5,320,000 	 2341971 5319999 16549656
loop: 5,330,000 	 2346171 5329999 16581477
loop: 5,340,000 	 2352645 5339999 16624566
loop: 5,350,000 	 2357302 5349999 16661521
loop: 5,360,000 	 2362165 5359999 16698422
loop: 5,370,000 	 2367172 5369999 16736937
loop: 5,380,000 	 2371339 5379999 16769459
loop: 5,390,000 	 2375484 5389999 16805427
loop: 5,400,000 	 2379372 5399999 16833573
loop: 5,410,000 	 2383682 5409999 16863955
loop: 5,420,000 	 2387342 5419999 16892285
loop: 5,430,000 	 2391710 5429999 16927657
loop: 5,440,000 	 2397676 5439999 16955735
loop: 5,450,000 	 2401106 5449999 16985595
loop: 5,460,000 	 2405573 5459999 17018603
loop: 5,470,000 	 2409354 5469999 17046846
loop: 5,480,000 	 2415609 5479999 17079879
loop: 5,490,000 	 2420559 5489999 17109051
loop: 5,500,000 	 2426628 5499999 17139009
loop: 5,510,000 	 2430074 5509999 17165687
loop: 5,520,000 	 2434520 5519999 17196069
loop: 5,530,000 	 2438412 5529999 17223602
loop: 5,540,000 	 2442681 5539999 17251159
loop: 5,550,000 	 2446574 5549999 17281808
loop: 5,560,000 	 2450203 5559999 17309647
loop: 5,570,000 	 2454776 5569999 17342356
loop: 5,580,000 	 2460740 5579999 17376244
loop: 5,590,000 	 2464952 5589999 17402481
loop: 5,600,000 	 2468826 5599999 17429645
loop: 5,610,000 	 2471516 5609999 17453498
loop: 5,620,000 	 2477514 5619999 17484452
loop: 5,630,000 	 2482196 5629999 17515454
loop: 5,640,000 	 2484868 5639999 17544192
loop: 5,650,000 	 2487539 5649999 17567749
loop: 5,660,000 	 2492065 5659999 17598912
loop: 5,670,000 	 2494897 5669999 17623696
loop: 5,680,000 	 2499401 5679999 17653338
loop: 5,690,000 	 2503419 5689999 17683742
loop: 5,700,000 	 2507731 5699999 17713990
loop: 5,710,000 	 2512757 5709999 17741900
loop: 5,720,000 	 2516770 5719999 17769690
loop: 5,730,000 	 2521153 5729999 17800197
loop: 5,740,000 	 2524634 5739999 17829823
loop: 5,750,000 	 2530111 5749999 17867185
loop: 5,760,000 	 2535645 5759999 17893694
loop: 5,770,000 	 2539149 5769999 17919469
loop: 5,780,000 	 2542199 5779999 17948427
loop: 5,790,000 	 2545944 5789999 17977103
loop: 5,800,000 	 2552299 5799999 18003873
loop: 5,810,000 	 2557064 5809999 18036343
loop: 5,820,000 	 2560680 5819999 18062133
loop: 5,830,000 	 2564195 5829999 18095559
loop: 5,840,000 	 2569230 5839999 18125603
loop: 5,850,000 	 2573150 5849999 18153723
loop: 5,860,000 	 2577412 5859999 18181488
loop: 5,870,000 	 2583620 5869999 18213166
loop: 5,880,000 	 2586627 5879999 18240321
loop: 5,890,000 	 2591587 5889999 18271144
loop: 5,900,000 	 2596577 5899999 18300496
loop: 5,910,000 	 2601392 5909999 18332119
loop: 5,920,000 	 2605174 5919999 18359460
loop: 5,930,000 	 2608706 5929999 18395084
loop: 5,940,000 	 2612239 5939999 18424581
loop: 5,950,000 	 2617520 5949999 18456768
loop: 5,960,000 	 2622550 5959999 18490107
loop: 5,970,000 	 2626801 5969999 18519530
loop: 5,980,000 	 2630888 5979999 18553189
loop: 5,990,000 	 2637130 5989999 18583188
loop: 6,000,000 	 2640726 5999999 18611275
loop: 6,010,000 	 2644570 6009999 18649940
loop: 6,020,000 	 2648184 6019999 18689918
loop: 6,030,000 	 2652043 6029999 18724020
loop: 6,040,000 	 2657228 6039999 18753661
loop: 6,050,000 	 2663222 6049999 18798755
loop: 6,060,000 	 2667311 6059999 18826225
loop: 6,070,000 	 2671813 6069999 18862457
loop: 6,080,000 	 2676423 6079999 18903596
loop: 6,090,000 	 2681993 6089999 18955782
loop: 6,100,000 	 2685590 6099999 18989395
loop: 6,110,000 	 2693433 6109999 19023203
loop: 6,120,000 	 2698859 6119999 19054755
loop: 6,130,000 	 2703071 6129999 19086682
loop: 6,140,000 	 2708573 6139999 19125343
loop: 6,150,000 	 2712288 6149999 19151599
loop: 6,160,000 	 2715293 6159999 19179113
loop: 6,170,000 	 2719209 6169999 19209081
loop: 6,180,000 	 2723200 6179999 19240160
loop: 6,190,000 	 2726275 6189999 19266786
loop: 6,200,000 	 2730871 6199999 19297875
loop: 6,210,000 	 2733733 6209999 19326150
loop: 6,220,000 	 2738412 6219999 19360207
loop: 6,230,000 	 2741552 6229999 19386846
loop: 6,240,000 	 2745182 6239999 19416878
loop: 6,250,000 	 2750364 6249999 19448514
loop: 6,260,000 	 2756751 6259999 19482020
loop: 6,270,000 	 2760394 6269999 19509808
loop: 6,280,000 	 2764523 6279999 19543668
loop: 6,290,000 	 2767778 6289999 19575418
loop: 6,300,000 	 2772062 6299999 19605213
loop: 6,310,000 	 2776020 6309999 19636200
loop: 6,320,000 	 2780310 6319999 19662698
loop: 6,330,000 	 2783670 6329999 19693274
loop: 6,340,000 	 2787940 6339999 19718234
loop: 6,350,000 	 2792093 6349999 19748696
loop: 6,360,000 	 2798054 6359999 19784572
loop: 6,370,000 	 2801554 6369999 19814792
loop: 6,380,000 	 2803943 6379999 19838166
loop: 6,390,000 	 2808868 6389999 19865779
loop: 6,400,000 	 2814696 6399999 19897806
loop: 6,410,000 	 2819252 6409999 19925232
loop: 6,420,000 	 2825702 6419999 19957791
loop: 6,430,000 	 2828897 6429999 19988556
loop: 6,440,000 	 2832604 6439999 20014166
loop: 6,450,000 	 2838436 6449999 20050477
loop: 6,460,000 	 2841005 6459999 20077206
loop: 6,470,000 	 2846664 6469999 20110992
loop: 6,480,000 	 2851089 6479999 20140773
loop: 6,490,000 	 2856284 6489999 20180906
loop: 6,500,000 	 2861623 6499999 20213742
loop: 6,510,000 	 2866542 6509999 20247267
loop: 6,520,000 	 2872475 6519999 20275946
loop: 6,530,000 	 2875802 6529999 20308304
loop: 6,540,000 	 2880142 6539999 20335358
loop: 6,550,000 	 2883585 6549999 20363313
loop: 6,560,000 	 2887466 6559999 20395645
loop: 6,570,000 	 2892018 6569999 20427021
loop: 6,580,000 	 2894996 6579999 20455992
loop: 6,590,000 	 2898390 6589999 20480996
loop: 6,600,000 	 2903378 6599999 20518289
loop: 6,610,000 	 2908003 6609999 20545678
loop: 6,620,000 	 2912583 6619999 20574788
loop: 6,630,000 	 2916939 6629999 20600316
loop: 6,640,000 	 2920107 6639999 20628836
loop: 6,650,000 	 2922626 6649999 20656677
loop: 6,660,000 	 2926752 6659999 20687135
loop: 6,670,000 	 2930729 6669999 20712321
loop: 6,680,000 	 2936153 6679999 20745082
loop: 6,690,000 	 2941093 6689999 20781125
loop: 6,700,000 	 2946136 6699999 20807360
loop: 6,710,000 	 2949854 6709999 20842473
loop: 6,720,000 	 2955013 6719999 20877544
loop: 6,730,000 	 2959403 6729999 20915963
loop: 6,740,000 	 2964347 6739999 20958002
loop: 6,750,000 	 2968839 6749999 20998688
loop: 6,760,000 	 2973262 6759999 21035862
loop: 6,770,000 	 2976135 6769999 21068513
loop: 6,780,000 	 2981439 6779999 21095846
loop: 6,790,000 	 2986709 6789999 21131419
loop: 6,800,000 	 2990053 6799999 21158134
loop: 6,810,000 	 2994652 6809999 21194534
loop: 6,820,000 	 2998650 6819999 21224366
loop: 6,830,000 	 3002708 6829999 21255591
loop: 6,840,000 	 3006820 6839999 21289528
loop: 6,850,000 	 3012504 6849999 21325418
loop: 6,860,000 	 3016267 6859999 21347380
loop: 6,870,000 	 3019826 6869999 21375909
loop: 6,880,000 	 3022405 6879999 21403519
loop: 6,890,000 	 3026727 6889999 21434271
loop: 6,900,000 	 3029848 6899999 21465248
loop: 6,910,000 	 3034030 6909999 21494700
loop: 6,920,000 	 3037796 6919999 21526123
loop: 6,930,000 	 3043698 6929999 21560374
loop: 6,940,000 	 3046990 6939999 21592215
loop: 6,950,000 	 3051032 6949999 21618078
loop: 6,960,000 	 3053497 6959999 21643209
loop: 6,970,000 	 3057208 6969999 21668695
loop: 6,980,000 	 3059405 6979999 21694703
loop: 6,990,000 	 3063722 6989999 21722527
loop: 7,000,000 	 3067477 6999999 21750650
loop: 7,010,000 	 3070129 7009999 21778704
loop: 7,020,000 	 3073907 7019999 21807424
loop: 7,030,000 	 3078821 7029999 21834785
loop: 7,040,000 	 3083323 7039999 21865053
loop: 7,050,000 	 3087254 7049999 21896104
loop: 7,060,000 	 3091198 7059999 21926490
loop: 7,070,000 	 3095297 7069999 21957790
loop: 7,080,000 	 3099826 7079999 21983707
loop: 7,090,000 	 3105688 7089999 22017098
loop: 7,100,000 	 3109814 7099999 22050639
loop: 7,110,000 	 3115056 7109999 22084533
loop: 7,120,000 	 3119893 7119999 22120902
loop: 7,130,000 	 3123009 7129999 22152974
loop: 7,140,000 	 3126372 7139999 22179599
loop: 7,150,000 	 3129669 7149999 22208442
loop: 7,160,000 	 3133259 7159999 22232658
loop: 7,170,000 	 3138408 7169999 22259760
loop: 7,180,000 	 3144471 7179999 22291216
loop: 7,190,000 	 3149174 7189999 22319293
loop: 7,200,000 	 3153744 7199999 22352877
loop: 7,210,000 	 3159719 7209999 22383283
loop: 7,220,000 	 3162403 7219999 22409220
loop: 7,230,000 	 3166903 7229999 22438792
loop: 7,240,000 	 3170201 7239999 22466939
loop: 7,250,000 	 3174869 7249999 22498265
loop: 7,260,000 	 3179638 7259999 22535124
loop: 7,270,000 	 3183538 7269999 22561709
loop: 7,280,000 	 3188732 7279999 22590609
loop: 7,290,000 	 3193540 7289999 22621846
loop: 7,300,000 	 3196746 7299999 22649527
loop: 7,310,000 	 3201486 7309999 22681438
loop: 7,320,000 	 3205320 7319999 22714890
loop: 7,330,000 	 3209239 7329999 22750138
loop: 7,340,000 	 3214851 7339999 22779694
loop: 7,350,000 	 3218971 7349999 22811680
loop: 7,360,000 	 3222637 7359999 22842732
loop: 7,370,000 	 3227664 7369999 22875943
loop: 7,380,000 	 3232611 7379999 22911252
loop: 7,390,000 	 3237646 7389999 22948983
loop: 7,400,000 	 3242521 7399999 22987981
loop: 7,410,000 	 3248803 7409999 23024575
loop: 7,420,000 	 3252461 7419999 23057494
loop: 7,430,000 	 3257065 7429999 23090654
loop: 7,440,000 	 3262812 7439999 23123265
loop: 7,450,000 	 3266912 7449999 23154123
loop: 7,460,000 	 3270053 7459999 23181277
loop: 7,470,000 	 3274812 7469999 23211743
loop: 7,480,000 	 3278367 7479999 23240863
loop: 7,490,000 	 3283088 7489999 23274125
loop: 7,500,000 	 3287401 7499999 23305959
loop: 7,510,000 	 3291838 7509999 23335092
loop: 7,520,000 	 3296628 7519999 23364881
loop: 7,530,000 	 3299960 7529999 23395289
loop: 7,540,000 	 3302933 7539999 23422513
loop: 7,550,000 	 3307746 7549999 23454218
loop: 7,560,000 	 3309997 7559999 23482944
loop: 7,570,000 	 3312628 7569999 23513408
loop: 7,580,000 	 3316805 7579999 23545672
loop: 7,590,000 	 3321178 7589999 23575367
loop: 7,600,000 	 3325270 7599999 23603976
loop: 7,610,000 	 3330502 7609999 23639619
loop: 7,620,000 	 3334731 7619999 23669822
loop: 7,630,000 	 3338649 7629999 23699098
loop: 7,640,000 	 3342418 7639999 23730560
loop: 7,650,000 	 3346015 7649999 23757768
loop: 7,660,000 	 3350048 7659999 23786255
loop: 7,670,000 	 3353621 7669999 23816282
loop: 7,680,000 	 3356751 7679999 23843739
loop: 7,690,000 	 3360898 7689999 23871054
loop: 7,700,000 	 3365820 7699999 23899674
loop: 7,710,000 	 3371151 7709999 23932859
loop: 7,720,000 	 3375071 7719999 23960467
loop: 7,730,000 	 3380474 7729999 23996639
loop: 7,740,000 	 3384013 7739999 24027530
loop: 7,750,000 	 3388721 7749999 24060001
loop: 7,760,000 	 3392794 7759999 24091742
loop: 7,770,000 	 3397589 7769999 24125351
loop: 7,780,000 	 3401502 7779999 24146659
loop: 7,790,000 	 3405894 7789999 24174293
loop: 7,800,000 	 3411388 7799999 24206879
loop: 7,810,000 	 3414524 7809999 24236228
loop: 7,820,000 	 3418456 7819999 24265806
loop: 7,830,000 	 3423866 7829999 24298850
loop: 7,840,000 	 3428328 7839999 24330043
loop: 7,850,000 	 3433831 7849999 24361604
loop: 7,860,000 	 3437316 7859999 24393990
loop: 7,870,000 	 3441398 7869999 24424248
loop: 7,880,000 	 3444903 7879999 24452262
loop: 7,890,000 	 3449988 7889999 24484954
loop: 7,900,000 	 3454156 7899999 24515341
loop: 7,910,000 	 3459451 7909999 24545223
loop: 7,920,000 	 3463285 7919999 24575951
loop: 7,930,000 	 3466837 7929999 24603539
loop: 7,940,000 	 3470502 7939999 24635644
loop: 7,950,000 	 3477128 7949999 24673820
loop: 7,960,000 	 3483140 7959999 24713013
loop: 7,970,000 	 3488052 7969999 24753864
loop: 7,980,000 	 3491476 7979999 24785438
loop: 7,990,000 	 3497081 7989999 24822142
loop: 8,000,000 	 3500784 7999999 24852895
loop: 8,010,000 	 3504740 8009999 24885056
loop: 8,020,000 	 3507928 8019999 24914187
loop: 8,030,000 	 3511006 8029999 24949337
loop: 8,040,000 	 3515295 8039999 24987195
loop: 8,050,000 	 3521158 8049999 25025286
loop: 8,060,000 	 3524169 8059999 25050380
loop: 8,070,000 	 3527721 8069999 25080056
loop: 8,080,000 	 3532316 8079999 25114167
loop: 8,090,000 	 3536614 8089999 25147963
loop: 8,100,000 	 3539629 8099999 25174223
loop: 8,110,000 	 3543617 8109999 25202734
loop: 8,120,000 	 3547906 8119999 25230513
loop: 8,130,000 	 3550496 8129999 25257067
loop: 8,140,000 	 3554511 8139999 25292458
loop: 8,150,000 	 3560331 8149999 25326445
loop: 8,160,000 	 3563611 8159999 25354037
loop: 8,170,000 	 3567123 8169999 25380548
loop: 8,180,000 	 3572602 8179999 25410598
loop: 8,190,000 	 3577323 8189999 25445124
loop: 8,200,000 	 3581458 8199999 25471283
loop: 8,210,000 	 3585475 8209999 25500038
loop: 8,220,000 	 3588721 8219999 25523139
loop: 8,230,000 	 3592537 8229999 25549344
loop: 8,240,000 	 3596875 8239999 25580383
loop: 8,250,000 	 3602764 8249999 25609990
loop: 8,260,000 	 3606664 8259999 25635104
loop: 8,270,000 	 3610551 8269999 25667807
loop: 8,280,000 	 3613793 8279999 25696810
loop: 8,290,000 	 3618793 8289999 25730769
loop: 8,300,000 	 3622019 8299999 25759528
loop: 8,310,000 	 3627087 8309999 25790415
loop: 8,320,000 	 3630204 8319999 25819951
loop: 8,330,000 	 3634050 8329999 25850583
loop: 8,340,000 	 3639378 8339999 25883567
loop: 8,350,000 	 3644273 8349999 25911189
loop: 8,360,000 	 3648278 8359999 25939518
loop: 8,370,000 	 3651013 8369999 25968034
loop: 8,380,000 	 3654618 8379999 25995511
loop: 8,390,000 	 3658038 8389999 26026899
loop: 8,400,000 	 3663048 8399999 26057691
loop: 8,410,000 	 3666723 8409999 26084452
loop: 8,420,000 	 3670827 8419999 26116069
loop: 8,430,000 	 3675394 8429999 26142632
loop: 8,440,000 	 3680603 8439999 26173724
loop: 8,450,000 	 3685492 8449999 26207755
loop: 8,460,000 	 3689841 8459999 26237052
loop: 8,470,000 	 3694135 8469999 26269441
loop: 8,480,000 	 3699782 8479999 26302256
loop: 8,490,000 	 3704397 8489999 26331109
loop: 8,500,000 	 3710590 8499999 26367306
loop: 8,510,000 	 3713630 8509999 26393288
loop: 8,520,000 	 3718338 8519999 26423773
loop: 8,530,000 	 3722507 8529999 26456045
loop: 8,540,000 	 3727276 8539999 26484778
loop: 8,550,000 	 3731002 8549999 26519782
loop: 8,560,000 	 3735854 8559999 26556289
loop: 8,570,000 	 3740438 8569999 26591034
loop: 8,580,000 	 3745132 8579999 26632071
loop: 8,590,000 	 3749923 8589999 26664186
loop: 8,600,000 	 3754361 8599999 26691822
loop: 8,610,000 	 3760741 8609999 26724658
loop: 8,620,000 	 3765972 8619999 26760634
loop: 8,630,000 	 3770173 8629999 26793327
loop: 8,640,000 	 3775130 8639999 26825479
loop: 8,650,000 	 3779680 8649999 26852440
loop: 8,660,000 	 3782461 8659999 26882852
loop: 8,670,000 	 3786413 8669999 26913940
loop: 8,680,000 	 3792192 8679999 26948023
loop: 8,690,000 	 3795424 8689999 26976464
loop: 8,700,000 	 3800614 8699999 27009033
loop: 8,710,000 	 3803908 8709999 27034457
loop: 8,720,000 	 3808968 8719999 27063422
loop: 8,730,000 	 3814020 8729999 27094331
loop: 8,740,000 	 3819471 8739999 27130418
loop: 8,750,000 	 3823449 8749999 27155765
loop: 8,760,000 	 3827966 8759999 27184476
loop: 8,770,000 	 3833155 8769999 27219502
loop: 8,780,000 	 3836888 8779999 27241091
loop: 8,790,000 	 3840433 8789999 27267435
loop: 8,800,000 	 3846875 8799999 27299567
loop: 8,810,000 	 3851303 8809999 27331695
loop: 8,820,000 	 3855184 8819999 27360407
loop: 8,830,000 	 3859729 8829999 27390912
loop: 8,840,000 	 3863877 8839999 27423947
loop: 8,850,000 	 3868354 8849999 27456817
loop: 8,860,000 	 3871994 8859999 27480364
loop: 8,870,000 	 3876914 8869999 27515288
loop: 8,880,000 	 3882362 8879999 27543906
loop: 8,890,000 	 3888301 8889999 27571272
loop: 8,900,000 	 3892894 8899999 27602673
loop: 8,910,000 	 3896630 8909999 27632239
loop: 8,920,000 	 3901522 8919999 27660646
loop: 8,930,000 	 3904748 8929999 27691310
loop: 8,940,000 	 3910305 8939999 27722343
loop: 8,950,000 	 3915229 8949999 27755108
loop: 8,960,000 	 3919161 8959999 27783666
loop: 8,970,000 	 3923744 8969999 27815672
loop: 8,980,000 	 3929337 8979999 27850235
loop: 8,990,000 	 3932706 8989999 27877781
loop: 9,000,000 	 3938162 8999999 27905691
loop: 9,010,000 	 3942372 9009999 27933795
loop: 9,020,000 	 3946303 9019999 27965236
loop: 9,030,000 	 3952073 9029999 28003200
loop: 9,040,000 	 3958146 9039999 28035971
loop: 9,050,000 	 3963077 9049999 28067431
loop: 9,060,000 	 3967124 9059999 28094572
loop: 9,070,000 	 3970580 9069999 28128646
loop: 9,080,000 	 3977322 9079999 28166654
loop: 9,090,000 	 3982563 9089999 28202245
loop: 9,100,000 	 3986372 9099999 28236089
loop: 9,110,000 	 3989186 9109999 28265315
loop: 9,120,000 	 3994508 9119999 28307195
loop: 9,130,000 	 3998023 9129999 28339175
loop: 9,140,000 	 4002553 9139999 28368867
loop: 9,150,000 	 4006372 9149999 28399206
loop: 9,160,000 	 4010272 9159999 28429213
loop: 9,170,000 	 4014560 9169999 28459282
loop: 9,180,000 	 4019143 9179999 28491340
loop: 9,190,000 	 4022903 9189999 28517929
loop: 9,200,000 	 4028540 9199999 28550086
loop: 9,210,000 	 4032643 9209999 28578566
loop: 9,220,000 	 4036963 9219999 28609628
loop: 9,230,000 	 4042222 9229999 28640275
loop: 9,240,000 	 4046261 9239999 28676110
loop: 9,250,000 	 4049694 9249999 28701257
loop: 9,260,000 	 4054116 9259999 28731002
loop: 9,270,000 	 4058173 9269999 28761895
loop: 9,280,000 	 4062334 9279999 28791358
loop: 9,290,000 	 4067045 9289999 28822332
loop: 9,300,000 	 4071282 9299999 28851822
loop: 9,310,000 	 4075772 9309999 28885405
loop: 9,320,000 	 4079372 9319999 28916175
loop: 9,330,000 	 4083489 9329999 28949296
loop: 9,340,000 	 4087673 9339999 28980898
loop: 9,350,000 	 4092049 9349999 29007625
loop: 9,360,000 	 4095356 9359999 29035085
loop: 9,370,000 	 4100456 9369999 29067013
loop: 9,380,000 	 4104368 9379999 29092732
loop: 9,390,000 	 4107804 9389999 29121433
loop: 9,400,000 	 4111471 9399999 29150169
loop: 9,410,000 	 4118079 9409999 29184685
loop: 9,420,000 	 4122724 9419999 29212108
loop: 9,430,000 	 4127633 9429999 29243252
loop: 9,440,000 	 4132581 9439999 29274754
loop: 9,450,000 	 4136546 9449999 29305789
loop: 9,460,000 	 4141220 9459999 29332982
loop: 9,470,000 	 4145544 9469999 29359900
loop: 9,480,000 	 4150041 9479999 29393695
loop: 9,490,000 	 4154207 9489999 29425599
loop: 9,500,000 	 4157986 9499999 29455400
loop: 9,510,000 	 4163090 9509999 29485470
loop: 9,520,000 	 4167650 9519999 29516319
loop: 9,530,000 	 4171668 9529999 29548233
loop: 9,540,000 	 4177450 9539999 29583896
loop: 9,550,000 	 4181262 9549999 29613082
loop: 9,560,000 	 4185165 9559999 29644347
loop: 9,570,000 	 4189715 9569999 29680483
loop: 9,580,000 	 4194084 9579999 29715289
loop: 9,590,000 	 4198588 9589999 29755572
loop: 9,600,000 	 4204110 9599999 29792677
loop: 9,610,000 	 4211310 9609999 29838079
loop: 9,620,000 	 4216370 9619999 29874140
loop: 9,630,000 	 4220961 9629999 29910630
loop: 9,640,000 	 4224814 9639999 29939822
loop: 9,650,000 	 4228833 9649999 29967963
loop: 9,660,000 	 4233148 9659999 29997505
loop: 9,670,000 	 4238014 9669999 30026800
loop: 9,680,000 	 4241371 9679999 30056019
loop: 9,690,000 	 4244584 9689999 30083150
loop: 9,700,000 	 4249670 9699999 30114307
loop: 9,710,000 	 4254701 9709999 30148345
loop: 9,720,000 	 4258897 9719999 30178096
loop: 9,730,000 	 4263997 9729999 30210514
loop: 9,740,000 	 4269214 9739999 30239973
loop: 9,750,000 	 4274127 9749999 30267963
loop: 9,760,000 	 4278758 9759999 30297127
loop: 9,770,000 	 4284025 9769999 30326057
loop: 9,780,000 	 4288209 9779999 30356993
loop: 9,790,000 	 4294567 9789999 30384463
loop: 9,800,000 	 4300677 9799999 30416284
loop: 9,810,000 	 4304439 9809999 30446397
loop: 9,820,000 	 4309205 9819999 30478851
loop: 9,830,000 	 4313211 9829999 30505235
loop: 9,840,000 	 4318537 9839999 30534796
loop: 9,850,000 	 4322635 9849999 30565067
loop: 9,860,000 	 4326277 9859999 30595485
loop: 9,870,000 	 4329814 9869999 30627227
loop: 9,880,000 	 4335007 9879999 30659870
loop: 9,890,000 	 4338972 9889999 30689414
loop: 9,900,000 	 4342642 9899999 30717837
loop: 9,910,000 	 4346643 9909999 30750778
loop: 9,920,000 	 4351470 9919999 30782776
loop: 9,930,000 	 4355873 9929999 30809477
loop: 9,940,000 	 4360019 9939999 30840065
loop: 9,950,000 	 4365382 9949999 30873656
loop: 9,960,000 	 4370949 9959999 30910412
loop: 9,970,000 	 4375823 9969999 30943943
loop: 9,980,000 	 4380423 9979999 30977756
loop: 9,990,000 	 4386035 9989999 31012179
loop: 10,000,000 	 4391102 9999999 31046179
loop: 10,010,000 	 4395982 10009999 31082204
loop: 10,020,000 	 4400031 10019999 31121664
loop: 10,030,000 	 4405281 10029999 31159119
loop: 10,040,000 	 4410348 10039999 31194564
loop: 10,050,000 	 4414816 10049999 31230534
loop: 10,060,000 	 4419400 10059999 31265115
loop: 10,070,000 	 4423830 10069999 31300239
loop: 10,080,000 	 4427520 10079999 31325481
loop: 10,090,000 	 4431749 10089999 31354536
loop: 10,100,000 	 4436523 10099999 31385697
loop: 10,110,000 	 4441453 10109999 31420586
loop: 10,120,000 	 4446560 10119999 31449601
loop: 10,130,000 	 4451490 10129999 31476414
loop: 10,140,000 	 4456902 10139999 31506564
loop: 10,150,000 	 4460373 10149999 31535013
loop: 10,160,000 	 4464383 10159999 31564739
loop: 10,170,000 	 4468885 10169999 31595115
loop: 10,180,000 	 4473028 10179999 31623813
loop: 10,190,000 	 4477586 10189999 31650703
loop: 10,200,000 	 4482638 10199999 31682171
loop: 10,210,000 	 4487700 10209999 31713271
loop: 10,220,000 	 4492255 10219999 31743083
loop: 10,230,000 	 4496025 10229999 31769732
loop: 10,240,000 	 4498929 10239999 31798924
loop: 10,250,000 	 4503636 10249999 31831603
loop: 10,260,000 	 4507783 10259999 31859658
loop: 10,270,000 	 4511066 10269999 31888509
loop: 10,280,000 	 4514484 10279999 31914751
loop: 10,290,000 	 4518929 10289999 31946235
loop: 10,300,000 	 4523550 10299999 31974286
loop: 10,310,000 	 4527953 10309999 32003800
loop: 10,320,000 	 4532362 10319999 32038468
loop: 10,330,000 	 4535379 10329999 32066981
loop: 10,340,000 	 4539748 10339999 32096212
loop: 10,350,000 	 4545513 10349999 32130202
loop: 10,360,000 	 4549178 10359999 32158312
loop: 10,370,000 	 4553435 10369999 32191375
loop: 10,380,000 	 4558323 10379999 32223614
loop: 10,390,000 	 4564068 10389999 32258004
loop: 10,400,000 	 4568281 10399999 32284968
loop: 10,410,000 	 4572453 10409999 32313756
loop: 10,420,000 	 4577219 10419999 32352978
loop: 10,430,000 	 4581565 10429999 32387310
loop: 10,440,000 	 4586184 10439999 32423344
loop: 10,450,000 	 4591389 10449999 32464283
loop: 10,460,000 	 4594551 10459999 32497239
loop: 10,470,000 	 4599763 10469999 32533156
loop: 10,480,000 	 4605566 10479999 32563069
loop: 10,490,000 	 4608899 10489999 32591464
loop: 10,500,000 	 4613544 10499999 32622146
loop: 10,510,000 	 4617376 10509999 32648538
loop: 10,520,000 	 4622590 10519999 32676234
loop: 10,530,000 	 4626581 10529999 32709287
loop: 10,540,000 	 4630987 10539999 32742105
loop: 10,550,000 	 4635027 10549999 32772176
loop: 10,560,000 	 4639911 10559999 32801282
loop: 10,570,000 	 4642907 10569999 32827103
loop: 10,580,000 	 4649315 10579999 32860387
loop: 10,590,000 	 4652945 10589999 32889150
loop: 10,600,000 	 4656838 10599999 32918118
loop: 10,610,000 	 4660528 10609999 32946035
loop: 10,620,000 	 4665730 10619999 32976813
loop: 10,630,000 	 4670150 10629999 33006407
loop: 10,640,000 	 4674792 10639999 33035889
loop: 10,650,000 	 4679292 10649999 33062237
loop: 10,660,000 	 4683648 10659999 33091990
loop: 10,670,000 	 4687764 10669999 33125002
loop: 10,680,000 	 4691337 10679999 33151863
loop: 10,690,000 	 4696598 10689999 33181284
loop: 10,700,000 	 4700959 10699999 33212166
loop: 10,710,000 	 4705409 10709999 33238126
loop: 10,720,000 	 4709241 10719999 33266112
loop: 10,730,000 	 4713789 10729999 33293901
loop: 10,740,000 	 4717399 10739999 33326647
loop: 10,750,000 	 4721127 10749999 33359928
loop: 10,760,000 	 4725179 10759999 33389949
loop: 10,770,000 	 4729920 10769999 33427936
loop: 10,780,000 	 4735208 10779999 33464039
loop: 10,790,000 	 4739732 10789999 33498917
loop: 10,800,000 	 4744098 10799999 33532130
loop: 10,810,000 	 4748886 10809999 33564313
loop: 10,820,000 	 4754654 10819999 33599903
loop: 10,830,000 	 4759927 10829999 33634978
loop: 10,840,000 	 4764400 10839999 33663238
loop: 10,850,000 	 4769251 10849999 33697133
loop: 10,860,000 	 4772847 10859999 33726231
loop: 10,870,000 	 4777829 10869999 33758422
loop: 10,880,000 	 4782703 10879999 33790648
loop: 10,890,000 	 4786737 10889999 33818992
loop: 10,900,000 	 4790951 10899999 33846204
loop: 10,910,000 	 4796248 10909999 33877180
loop: 10,920,000 	 4801766 10919999 33908125
loop: 10,930,000 	 4805280 10929999 33935488
loop: 10,940,000 	 4809943 10939999 33964824
loop: 10,950,000 	 4813809 10949999 33995540
loop: 10,960,000 	 4817408 10959999 34025089
loop: 10,970,000 	 4821775 10969999 34053336
loop: 10,980,000 	 4826657 10979999 34083150
loop: 10,990,000 	 4831859 10989999 34114922
loop: 11,000,000 	 4835496 10999999 34145115
loop: 11,010,000 	 4840898 11009999 34176246
loop: 11,020,000 	 4845673 11019999 34205751
loop: 11,030,000 	 4851084 11029999 34238983
loop: 11,040,000 	 4855994 11039999 34271708
loop: 11,050,000 	 4859690 11049999 34299623
loop: 11,060,000 	 4864052 11059999 34329022
loop: 11,070,000 	 4868560 11069999 34358959
loop: 11,080,000 	 4872925 11079999 34392303
loop: 11,090,000 	 4877510 11089999 34421038
loop: 11,100,000 	 4882835 11099999 34454739
loop: 11,110,000 	 4889349 11109999 34492411
loop: 11,120,000 	 4894416 11119999 34532272
loop: 11,130,000 	 4898862 11129999 34568439
loop: 11,140,000 	 4902888 11139999 34602435
loop: 11,150,000 	 4907883 11149999 34636462
loop: 11,160,000 	 4913001 11159999 34667429
loop: 11,170,000 	 4918694 11169999 34699455
loop: 11,180,000 	 4923251 11179999 34728181
loop: 11,190,000 	 4928971 11189999 34760693
loop: 11,200,000 	 4934038 11199999 34793029
loop: 11,210,000 	 4939608 11209999 34825849
loop: 11,220,000 	 4945498 11219999 34856273
loop: 11,230,000 	 4949926 11229999 34886946
loop: 11,240,000 	 4955364 11239999 34916574
loop: 11,250,000 	 4960641 11249999 34944650
loop: 11,260,000 	 4965143 11259999 34974913
loop: 11,270,000 	 4969479 11269999 35005060
loop: 11,280,000 	 4973006 11279999 35032767
loop: 11,290,000 	 4977029 11289999 35061109
loop: 11,300,000 	 4981719 11299999 35089728
loop: 11,310,000 	 4985900 11309999 35119839
loop: 11,320,000 	 4991073 11319999 35148569
loop: 11,330,000 	 4996208 11329999 35183369
loop: 11,340,000 	 5000655 11339999 35211049
loop: 11,350,000 	 5005526 11349999 35241231
loop: 11,360,000 	 5009967 11359999 35274228
loop: 11,370,000 	 5013943 11369999 35301638
loop: 11,380,000 	 5018138 11379999 35332511
loop: 11,390,000 	 5023120 11389999 35366694
loop: 11,400,000 	 5028758 11399999 35403507
loop: 11,410,000 	 5034013 11409999 35442161
loop: 11,420,000 	 5038177 11419999 35479639
loop: 11,430,000 	 5042184 11429999 35512940
loop: 11,440,000 	 5046824 11439999 35544284
loop: 11,450,000 	 5051248 11449999 35574578
loop: 11,460,000 	 5055467 11459999 35606087
loop: 11,470,000 	 5059839 11469999 35637884
loop: 11,480,000 	 5063056 11479999 35665412
loop: 11,490,000 	 5066150 11489999 35692914
loop: 11,500,000 	 5069705 11499999 35722768
loop: 11,510,000 	 5073090 11509999 35750470
loop: 11,520,000 	 5077265 11519999 35780575
loop: 11,530,000 	 5082880 11529999 35811484
loop: 11,540,000 	 5087242 11539999 35840126
loop: 11,550,000 	 5091176 11549999 35868950
loop: 11,560,000 	 5095272 11559999 35900104
loop: 11,570,000 	 5100040 11569999 35928423
loop: 11,580,000 	 5104213 11579999 35958401
loop: 11,590,000 	 5109284 11589999 35991507
loop: 11,600,000 	 5114189 11599999 36021917
loop: 11,610,000 	 5118918 11609999 36054013
loop: 11,620,000 	 5123912 11619999 36084521
loop: 11,630,000 	 5127615 11629999 36113356
loop: 11,640,000 	 5132485 11639999 36143946
loop: 11,650,000 	 5136235 11649999 36176979
loop: 11,660,000 	 5140980 11659999 36212013
loop: 11,670,000 	 5145776 11669999 36248882
loop: 11,680,000 	 5150994 11679999 36289754
loop: 11,690,000 	 5154962 11689999 36322610
loop: 11,700,000 	 5159675 11699999 36354009
loop: 11,710,000 	 5164640 11709999 36388223
loop: 11,720,000 	 5168994 11719999 36419038
loop: 11,730,000 	 5173528 11729999 36452017
loop: 11,740,000 	 5177841 11739999 36483606
loop: 11,750,000 	 5181710 11749999 36514643
loop: 11,760,000 	 5186151 11759999 36543521
loop: 11,770,000 	 5190361 11769999 36576723
loop: 11,780,000 	 5195019 11779999 36606741
loop: 11,790,000 	 5199808 11789999 36635227
loop: 11,800,000 	 5203967 11799999 36663427
loop: 11,810,000 	 5208593 11809999 36693562
loop: 11,820,000 	 5213235 11819999 36723935
loop: 11,830,000 	 5217590 11829999 36755791
loop: 11,840,000 	 5222007 11839999 36789781
loop: 11,850,000 	 5226667 11849999 36825075
loop: 11,860,000 	 5231573 11859999 36867365
loop: 11,870,000 	 5235609 11869999 36897937
loop: 11,880,000 	 5240151 11879999 36926959
loop: 11,890,000 	 5244599 11889999 36961167
loop: 11,900,000 	 5248905 11899999 36990277
loop: 11,910,000 	 5253784 11909999 37020076
loop: 11,920,000 	 5258718 11919999 37055094
loop: 11,930,000 	 5263656 11929999 37087034
loop: 11,940,000 	 5267481 11939999 37115772
loop: 11,950,000 	 5272033 11949999 37146937
loop: 11,960,000 	 5276461 11959999 37177918
loop: 11,970,000 	 5280678 11969999 37205415
loop: 11,980,000 	 5285130 11979999 37233998
loop: 11,990,000 	 5289948 11989999 37265792
loop: 12,000,000 	 5295103 11999999 37294213
loop: 12,010,000 	 5299401 12009999 37324714
loop: 12,020,000 	 5304068 12019999 37358344
loop: 12,030,000 	 5309119 12029999 37392104
loop: 12,040,000 	 5313167 12039999 37430015
loop: 12,050,000 	 5317787 12049999 37463863
loop: 12,060,000 	 5323622 12059999 37498035
loop: 12,070,000 	 5327880 12069999 37526662
loop: 12,080,000 	 5332575 12079999 37558442
loop: 12,090,000 	 5336254 12089999 37586718
loop: 12,100,000 	 5341079 12099999 37617323
loop: 12,110,000 	 5345267 12109999 37646387
loop: 12,120,000 	 5349327 12119999 37674391
loop: 12,130,000 	 5354316 12129999 37705212
loop: 12,140,000 	 5358867 12139999 37735931
loop: 12,150,000 	 5363416 12149999 37766107
loop: 12,160,000 	 5367998 12159999 37796789
loop: 12,170,000 	 5372648 12169999 37827975
loop: 12,180,000 	 5377338 12179999 37865265
loop: 12,190,000 	 5382412 12189999 37900572
loop: 12,200,000 	 5387203 12199999 37931734
loop: 12,210,000 	 5391438 12209999 37963558
loop: 12,220,000 	 5395501 12219999 37992546
loop: 12,230,000 	 5400549 12229999 38021400
loop: 12,240,000 	 5404871 12239999 38050627
loop: 12,250,000 	 5409167 12249999 38082674
loop: 12,260,000 	 5414389 12259999 38114976
loop: 12,270,000 	 5418293 12269999 38143737
loop: 12,280,000 	 5423182 12279999 38177420
loop: 12,290,000 	 5427872 12289999 38211097
loop: 12,300,000 	 5432958 12299999 38242188
loop: 12,310,000 	 5437233 12309999 38271853
loop: 12,320,000 	 5441994 12319999 38301639
loop: 12,330,000 	 5446018 12329999 38330049
loop: 12,340,000 	 5450424 12339999 38361410
loop: 12,350,000 	 5454921 12349999 38393673
loop: 12,360,000 	 5459804 12359999 38424875

A-only SAMPLE
('100', '1001', 'N', -138, -138, 113, 113)
('100', '100523', 'N', 108, 108, 143, 143)
('100', '100666', 'N', -18, -20, 231, 231)
('100', '101101', 'N', -63, -63, 188, 188)
('100', '101111', 'N', -148, -148, 103, 103)
('100', '101256', 'N', 149, 148, 102, 102)
('100', '101597', 'N', -7, -7, 244, 244)
('100', '101862', 'N', 144, 144, 107, 107)
('100', '101996', 'N', -75, -77, 174, 174)
('100', '104255', 'N', 13, 13, 238, 238)
('100', '10491', 'N', -136, -137, 114, 114)
('100', '105568', 'N', -7, -7, 244, 244)
('100', '1057', 'N', 51, 51, 200, 200)
('100', '105727', 'N', 51, 51, 200, 200)
('100', '105794', 'N', -82, -82, 169, 169)
('100', '105797', 'N', -145, -146, 105, 105)
('100', '105962', 'N', 6, 5, 245, 245)
('100', '106133', 'N', 97, 94, 154, 154)
('100', '106561', 'N', 162, 161, 89, 89)
('100', '107033', 'N', -87, -87, 164, 164)

AB SAMPLE
('100', '10031', 'N', -145, -146, 105, 105)
('100', '101478', 'N', -17, -17, 234, 234)
('100', '101973', 'N', -18, -21, 230, 230)
('100', '102261', 'N', -19, -20, 231, 231)
('100', '102413', 'N', 113, 113, 138, 138)
('100', '102463', 'N', -33, -33, 218, 218)
('100', '102623', 'N', 41, 40, 210, 210)
('100', '102663', 'N', 0, 0, 251, 251)
('100', '102826', 'N', 125, 125, 126, 126)
('100', '102925', 'N', 170, 169, 81, 81)
('100', '103086', 'N', 6, 5, 245, 245)
('100', '103186', 'N', -99, -101, 150, 150)
('100', '10334', 'N', -17, -17, 234, 234)
('100', '105781', 'N', 120, 118, 131, 131)
('100', '106449', 'N', 127, 127, 124, 124)
('100', '13941', 'N', 79, 79, 172, 172)
('100', '1580', 'N', -137, -137, 114, 114)
('100', '17843', 'N', 51, 51, 200, 200)
('100', '19412', 'N', -115, -115, 136, 136)
('100', '21235', 'N', -146, -146, 105, 105)

B-only SAMPLE
('0', '100073', 'N', -101, -109, 142, 142)
('0', '100101', 'I', -19, -20, 231, 231)
('0', '100329', 'N', 140, 138, 111, 111)
('0', '100425', 'I', 74, 74, 177, 177)
('0', '100598', 'I', -235, -235, 16, 16)
('0', '100750', 'N', 43, 43, 208, 208)
('0', '100853', 'N', 223, 223, 28, 28)
('0', '101010', 'N', 9, 8, 242, 242)
('0', '101179', 'I', 131, 131, 120, 120)
('0', '101357', 'I', -234, -235, 16, 16)
('0', '10159', 'I', 218, 217, 33, 33)
('0', '101947', 'N', 85, 85, 166, 166)
('0', '102143', 'N', -87, -87, 164, 164)
('0', '102769', 'I', 198, 198, 53, 53)
('0', '102922', 'N', 235, 234, 16, 16)
('0', '102926', 'N', 24, 24, 227, 227)
('0', '102927', 'I', -230, -233, 18, 18)
('0', '102948', 'I', -235, -235, 16, 16)
('0', '10303', 'N', 43, 43, 208, 208)
('0', '10347', 'N', -249, -249, 2, 2)
COUNTS:  5460709 12361725 38430956
0.6936047567913564 0.24337610767189075 0.36032075439937683
COUNTS of  ./data/viral/blast.sorted.tsv vs. ./data/viral/truth_really_sorted.tsv
loop: 10,000 	 35973 9999 161598
loop: 20,000 	 70810 19999 298739
loop: 30,000 	 104429 29999 427305
loop: 40,000 	 139019 39999 551909
loop: 50,000 	 178616 49999 695584
loop: 60,000 	 214610 59999 818362
loop: 70,000 	 250367 69999 931876
loop: 80,000 	 280141 79999 1049922
loop: 90,000 	 309820 89999 1168680
loop: 100,000 	 340493 99999 1279982
loop: 110,000 	 380429 109999 1423192
loop: 120,000 	 410688 119999 1539037
loop: 130,000 	 446927 129999 1674641
loop: 140,000 	 480876 139999 1806232
loop: 150,000 	 517969 149999 1940746
loop: 160,000 	 554933 159999 2063098
loop: 170,000 	 590279 169999 2180765
loop: 180,000 	 624253 179999 2300790
loop: 190,000 	 661373 189999 2431572
loop: 200,000 	 695147 199999 2555911
loop: 210,000 	 733688 209999 2684315
loop: 220,000 	 770344 219999 2804961
loop: 230,000 	 802561 229999 2916730
loop: 240,000 	 839178 239999 3045785
loop: 250,000 	 871157 249999 3170722
loop: 260,000 	 903166 259999 3286210
loop: 270,000 	 937287 269999 3401504
loop: 280,000 	 968911 279999 3520021
loop: 290,000 	 1009612 289999 3682397
loop: 300,000 	 1042677 299999 3831174
loop: 310,000 	 1080906 309999 3972053
loop: 320,000 	 1113907 319999 4097144
loop: 330,000 	 1146566 329999 4221475
loop: 340,000 	 1181256 339999 4332236
loop: 350,000 	 1212641 349999 4447046
loop: 360,000 	 1248219 359999 4570540
loop: 370,000 	 1285335 369999 4703152
loop: 380,000 	 1316924 379999 4817486
loop: 390,000 	 1350209 389999 4933577
loop: 400,000 	 1388737 399999 5058974
loop: 410,000 	 1423953 409999 5174667
loop: 420,000 	 1458851 419999 5288145
loop: 430,000 	 1493727 429999 5413401
loop: 440,000 	 1529999 439999 5536113
loop: 450,000 	 1563320 449999 5658726
loop: 460,000 	 1598343 459999 5783579
loop: 470,000 	 1634430 469999 5911772
loop: 480,000 	 1668193 479999 6039005
loop: 490,000 	 1700932 489999 6147881
loop: 500,000 	 1733343 499999 6259210
loop: 510,000 	 1770963 509999 6395183
loop: 520,000 	 1804879 519999 6509621
loop: 530,000 	 1842433 529999 6631207
loop: 540,000 	 1878371 539999 6764565
loop: 550,000 	 1914585 549999 6895284
loop: 560,000 	 1948621 559999 7044866
loop: 570,000 	 1982945 569999 7178885
loop: 580,000 	 2015712 579999 7295764
loop: 590,000 	 2051956 589999 7420283
loop: 600,000 	 2087254 599999 7552831
loop: 610,000 	 2120211 609999 7688288
loop: 620,000 	 2156647 619999 7852538
loop: 630,000 	 2190999 629999 7996342
loop: 640,000 	 2227138 639999 8132444
loop: 650,000 	 2262842 649999 8270259
loop: 660,000 	 2296136 659999 8383902
loop: 670,000 	 2333249 669999 8515783
loop: 680,000 	 2369490 679999 8633833
loop: 690,000 	 2401798 689999 8750797
loop: 700,000 	 2432137 699999 8871950
loop: 710,000 	 2467088 709999 8983684
loop: 720,000 	 2499337 719999 9109588
loop: 730,000 	 2532430 729999 9227126
loop: 740,000 	 2564806 739999 9335398
loop: 750,000 	 2600208 749999 9463723
loop: 760,000 	 2632765 759999 9562678
loop: 770,000 	 2669091 769999 9696692
loop: 780,000 	 2700522 779999 9821446
loop: 790,000 	 2735790 789999 9933360
loop: 800,000 	 2769520 799999 10049973
loop: 810,000 	 2802653 809999 10171880
loop: 820,000 	 2838236 819999 10296446
loop: 830,000 	 2871506 829999 10415980
loop: 840,000 	 2902878 839999 10526115
loop: 850,000 	 2937215 849999 10628163
loop: 860,000 	 2969968 859999 10748714
loop: 870,000 	 3005436 869999 10890999
loop: 880,000 	 3040004 879999 11027228
loop: 890,000 	 3080545 889999 11189747
loop: 900,000 	 3113716 899999 11329761
loop: 910,000 	 3147983 909999 11465566
loop: 920,000 	 3184115 919999 11599935
loop: 930,000 	 3213916 929999 11712907
loop: 940,000 	 3249425 939999 11852366
loop: 950,000 	 3283713 949999 11967942
loop: 960,000 	 3320016 959999 12102641
loop: 970,000 	 3359038 969999 12240549
loop: 980,000 	 3396833 979999 12372351
loop: 990,000 	 3428849 989999 12501712
loop: 1,000,000 	 3466538 999999 12629261
loop: 1,010,000 	 3504422 1009999 12766104
loop: 1,020,000 	 3538177 1019999 12894769
loop: 1,030,000 	 3573767 1029999 13027509
loop: 1,040,000 	 3612014 1039999 13164960
loop: 1,050,000 	 3644258 1049999 13290195
loop: 1,060,000 	 3677218 1059999 13414958
loop: 1,070,000 	 3711463 1069999 13535365
loop: 1,080,000 	 3748394 1079999 13664609
loop: 1,090,000 	 3786333 1089999 13794834
loop: 1,100,000 	 3822589 1099999 13912893
loop: 1,110,000 	 3859677 1109999 14044511
loop: 1,120,000 	 3894730 1119999 14179468
loop: 1,130,000 	 3927125 1129999 14290487
loop: 1,140,000 	 3959281 1139999 14416005
loop: 1,150,000 	 3996018 1149999 14577536
loop: 1,160,000 	 4029037 1159999 14708783
loop: 1,170,000 	 4064639 1169999 14829560
loop: 1,180,000 	 4099706 1179999 14964157
loop: 1,190,000 	 4135545 1189999 15099512
loop: 1,200,000 	 4170326 1199999 15231966
loop: 1,210,000 	 4202137 1209999 15352998
loop: 1,220,000 	 4235380 1219999 15478603
loop: 1,230,000 	 4270063 1229999 15608022
loop: 1,240,000 	 4307303 1239999 15737682
loop: 1,250,000 	 4342479 1249999 15857871
loop: 1,260,000 	 4375429 1259999 15983747
loop: 1,270,000 	 4408950 1269999 16098060
loop: 1,280,000 	 4443263 1279999 16211442
loop: 1,290,000 	 4475141 1289999 16328519
loop: 1,300,000 	 4512679 1299999 16465308
loop: 1,310,000 	 4549349 1309999 16604345
loop: 1,320,000 	 4584497 1319999 16729633
loop: 1,330,000 	 4615276 1329999 16848591
loop: 1,340,000 	 4651840 1339999 16982796
loop: 1,350,000 	 4685057 1349999 17113074
loop: 1,360,000 	 4719523 1359999 17227647
loop: 1,370,000 	 4755394 1369999 17377947
loop: 1,380,000 	 4791119 1379999 17522908
loop: 1,390,000 	 4826969 1389999 17676053
loop: 1,400,000 	 4864681 1399999 17807029
loop: 1,410,000 	 4900208 1409999 17945180
loop: 1,420,000 	 4937410 1419999 18074206
loop: 1,430,000 	 4974124 1429999 18220595
loop: 1,440,000 	 5009001 1439999 18355628
loop: 1,450,000 	 5045354 1449999 18478407
loop: 1,460,000 	 5081201 1459999 18600380
loop: 1,470,000 	 5112976 1469999 18707978
loop: 1,480,000 	 5144853 1479999 18833417
loop: 1,490,000 	 5181940 1489999 18967782
loop: 1,500,000 	 5216611 1499999 19092101
loop: 1,510,000 	 5251599 1509999 19220266
loop: 1,520,000 	 5283568 1519999 19322445
loop: 1,530,000 	 5320477 1529999 19452761
loop: 1,540,000 	 5353864 1539999 19569591
loop: 1,550,000 	 5387898 1549999 19683411
loop: 1,560,000 	 5417587 1559999 19797691
loop: 1,570,000 	 5449674 1569999 19915904
loop: 1,580,000 	 5486900 1579999 20049389
loop: 1,590,000 	 5520855 1589999 20175886
loop: 1,600,000 	 5556578 1599999 20315918
loop: 1,610,000 	 5592288 1609999 20471265
loop: 1,620,000 	 5628686 1619999 20611659
loop: 1,630,000 	 5665285 1629999 20730316
loop: 1,640,000 	 5699805 1639999 20844090
loop: 1,650,000 	 5735900 1649999 20960041
loop: 1,660,000 	 5767631 1659999 21077363
loop: 1,670,000 	 5801615 1669999 21205238
loop: 1,680,000 	 5837071 1679999 21325864
loop: 1,690,000 	 5871346 1689999 21447511
loop: 1,700,000 	 5902239 1699999 21551739
loop: 1,710,000 	 5932124 1709999 21665162
loop: 1,720,000 	 5961297 1719999 21785696
loop: 1,730,000 	 5996647 1729999 21920461
loop: 1,740,000 	 6028463 1739999 22029824
loop: 1,750,000 	 6066638 1749999 22162078
loop: 1,760,000 	 6100033 1759999 22284750
loop: 1,770,000 	 6133659 1769999 22415926
loop: 1,780,000 	 6169701 1779999 22548535
loop: 1,790,000 	 6204602 1789999 22666231
loop: 1,800,000 	 6242078 1799999 22803767
loop: 1,810,000 	 6279527 1809999 22958670
loop: 1,820,000 	 6314935 1819999 23102307
loop: 1,830,000 	 6353269 1829999 23267060
loop: 1,840,000 	 6389910 1839999 23403813
loop: 1,850,000 	 6422506 1849999 23518358
loop: 1,860,000 	 6454628 1859999 23630183
loop: 1,870,000 	 6487097 1869999 23744249
loop: 1,880,000 	 6520639 1879999 23862786
loop: 1,890,000 	 6556164 1889999 23981424
loop: 1,900,000 	 6589596 1899999 24098261
loop: 1,910,000 	 6623022 1909999 24216563
loop: 1,920,000 	 6656834 1919999 24337083
loop: 1,930,000 	 6692313 1929999 24465869
loop: 1,940,000 	 6725461 1939999 24588221
loop: 1,950,000 	 6764538 1949999 24737815
loop: 1,960,000 	 6801286 1959999 24874353
loop: 1,970,000 	 6835280 1969999 24999659
loop: 1,980,000 	 6868932 1979999 25114635
loop: 1,990,000 	 6903288 1989999 25246503
loop: 2,000,000 	 6936460 1999999 25366339
loop: 2,010,000 	 6972802 2009999 25499324
loop: 2,020,000 	 7008068 2019999 25633060
loop: 2,030,000 	 7042829 2029999 25790404
loop: 2,040,000 	 7076162 2039999 25905979
loop: 2,050,000 	 7110643 2049999 26032815
loop: 2,060,000 	 7144449 2059999 26162201
loop: 2,070,000 	 7174538 2069999 26281537
loop: 2,080,000 	 7209988 2079999 26412407
loop: 2,090,000 	 7240569 2089999 26517448
loop: 2,100,000 	 7272275 2099999 26627047
loop: 2,110,000 	 7303327 2109999 26746741
loop: 2,120,000 	 7337122 2119999 26869076
loop: 2,130,000 	 7374714 2129999 27003177
loop: 2,140,000 	 7409084 2139999 27137102
loop: 2,150,000 	 7440703 2149999 27255545
loop: 2,160,000 	 7476756 2159999 27381177
loop: 2,170,000 	 7510646 2169999 27500728
loop: 2,180,000 	 7544990 2179999 27630254
loop: 2,190,000 	 7576119 2189999 27738901
loop: 2,200,000 	 7611149 2199999 27867769
loop: 2,210,000 	 7646464 2209999 28006114
loop: 2,220,000 	 7684608 2219999 28150461
loop: 2,230,000 	 7719765 2229999 28287927
loop: 2,240,000 	 7757748 2239999 28418880
loop: 2,250,000 	 7796263 2249999 28535963
loop: 2,260,000 	 7829491 2259999 28661397
loop: 2,270,000 	 7863615 2269999 28772697
loop: 2,280,000 	 7898145 2279999 28894679
loop: 2,290,000 	 7936734 2289999 29019530
loop: 2,300,000 	 7971901 2299999 29142366
loop: 2,310,000 	 8006776 2309999 29268929
loop: 2,320,000 	 8042023 2319999 29397605
loop: 2,330,000 	 8076262 2329999 29513152
loop: 2,340,000 	 8107454 2339999 29632614
loop: 2,350,000 	 8142454 2349999 29756489
loop: 2,360,000 	 8176872 2359999 29880287
loop: 2,370,000 	 8210447 2369999 30000353
loop: 2,380,000 	 8244223 2379999 30126870
loop: 2,390,000 	 8279489 2389999 30258210
loop: 2,400,000 	 8313930 2399999 30395757
loop: 2,410,000 	 8348301 2409999 30537317
loop: 2,420,000 	 8383013 2419999 30666896
loop: 2,430,000 	 8417924 2429999 30795427
loop: 2,440,000 	 8452467 2439999 30916047
loop: 2,450,000 	 8485670 2449999 31042086
loop: 2,460,000 	 8517324 2459999 31160722
loop: 2,470,000 	 8549440 2469999 31283515
loop: 2,480,000 	 8583314 2479999 31398311
loop: 2,490,000 	 8621672 2489999 31531638
loop: 2,500,000 	 8656602 2499999 31656353
loop: 2,510,000 	 8689216 2509999 31783477
loop: 2,520,000 	 8722630 2519999 31913017
loop: 2,530,000 	 8756672 2529999 32033850
loop: 2,540,000 	 8793340 2539999 32159116
loop: 2,550,000 	 8831401 2549999 32282612
loop: 2,560,000 	 8866909 2559999 32406096
loop: 2,570,000 	 8902272 2569999 32536736
loop: 2,580,000 	 8939200 2579999 32670620
loop: 2,590,000 	 8973967 2589999 32793490
loop: 2,600,000 	 9010354 2599999 32925570
loop: 2,610,000 	 9045653 2609999 33052278
loop: 2,620,000 	 9076154 2619999 33169440
loop: 2,630,000 	 9110327 2629999 33292129
loop: 2,640,000 	 9142569 2639999 33400062
loop: 2,650,000 	 9177935 2649999 33522919
loop: 2,660,000 	 9211655 2659999 33649675
loop: 2,670,000 	 9244473 2669999 33760766
loop: 2,680,000 	 9279586 2679999 33880558
loop: 2,690,000 	 9315379 2689999 33998931
loop: 2,700,000 	 9352265 2699999 34123636
loop: 2,710,000 	 9386628 2709999 34242468
loop: 2,720,000 	 9424700 2719999 34376364
loop: 2,730,000 	 9458915 2729999 34514194
loop: 2,740,000 	 9493741 2739999 34647300
loop: 2,750,000 	 9529777 2749999 34786910
loop: 2,760,000 	 9568012 2759999 34913197
loop: 2,770,000 	 9601201 2769999 35034667
loop: 2,780,000 	 9636661 2779999 35157619
loop: 2,790,000 	 9669102 2789999 35277460
loop: 2,800,000 	 9706708 2799999 35402589
loop: 2,810,000 	 9743060 2809999 35530683
loop: 2,820,000 	 9777589 2819999 35651127
loop: 2,830,000 	 9812726 2829999 35775213
loop: 2,840,000 	 9848535 2839999 35897533
loop: 2,850,000 	 9883095 2849999 36020442
loop: 2,860,000 	 9916688 2859999 36147674
loop: 2,870,000 	 9953742 2869999 36278975
loop: 2,880,000 	 9989481 2879999 36414300
loop: 2,890,000 	 10027351 2889999 36564697
loop: 2,900,000 	 10063304 2899999 36692086
loop: 2,910,000 	 10098496 2909999 36816571
loop: 2,920,000 	 10132621 2919999 36939949
loop: 2,930,000 	 10166575 2929999 37063878
loop: 2,940,000 	 10202310 2939999 37181202
loop: 2,950,000 	 10238458 2949999 37314435
loop: 2,960,000 	 10274009 2959999 37435224
loop: 2,970,000 	 10309238 2969999 37553120
loop: 2,980,000 	 10343384 2979999 37672690
loop: 2,990,000 	 10377770 2989999 37794236
loop: 3,000,000 	 10417562 2999999 37929486
loop: 3,010,000 	 10452873 3009999 38061856
loop: 3,020,000 	 10489349 3019999 38214914
loop: 3,030,000 	 10523056 3029999 38350748
loop: 3,040,000 	 10558399 3039999 38473635
loop: 3,050,000 	 10593013 3049999 38595145
loop: 3,060,000 	 10627227 3059999 38715816
loop: 3,070,000 	 10663899 3069999 38845885
loop: 3,080,000 	 10698700 3079999 38970285
loop: 3,090,000 	 10733946 3089999 39089719
loop: 3,100,000 	 10770784 3099999 39211105
loop: 3,110,000 	 10806365 3109999 39329988
loop: 3,120,000 	 10842276 3119999 39455259
loop: 3,130,000 	 10875954 3129999 39576973
loop: 3,140,000 	 10912269 3139999 39721439
loop: 3,150,000 	 10950548 3149999 39866140
loop: 3,160,000 	 10985923 3159999 39984957
loop: 3,170,000 	 11018855 3169999 40100082
loop: 3,180,000 	 11052347 3179999 40213988
loop: 3,190,000 	 11088400 3189999 40344525
loop: 3,200,000 	 11121905 3199999 40462688
loop: 3,210,000 	 11155374 3209999 40573790
loop: 3,220,000 	 11189643 3219999 40699914
loop: 3,230,000 	 11220379 3229999 40807991
loop: 3,240,000 	 11258731 3239999 40943201
loop: 3,250,000 	 11292391 3249999 41083630
loop: 3,260,000 	 11328161 3259999 41215253
loop: 3,270,000 	 11364567 3269999 41341547
loop: 3,280,000 	 11397714 3279999 41460617
loop: 3,290,000 	 11431238 3289999 41577537
loop: 3,300,000 	 11466201 3299999 41701409
loop: 3,310,000 	 11502692 3309999 41825447
loop: 3,320,000 	 11537799 3319999 41948025
loop: 3,330,000 	 11573420 3329999 42072004
loop: 3,340,000 	 11608594 3339999 42201135
loop: 3,350,000 	 11645049 3349999 42353577
loop: 3,360,000 	 11680458 3359999 42476394
loop: 3,370,000 	 11716620 3369999 42596617
loop: 3,380,000 	 11753867 3379999 42727956
loop: 3,390,000 	 11790127 3389999 42846313
loop: 3,400,000 	 11823050 3399999 42966131
loop: 3,410,000 	 11859925 3409999 43094063
loop: 3,420,000 	 11894895 3419999 43214323
loop: 3,430,000 	 11930684 3429999 43339370
loop: 3,440,000 	 11966639 3439999 43479953
loop: 3,450,000 	 12002209 3449999 43603203
loop: 3,460,000 	 12035915 3459999 43718136
loop: 3,470,000 	 12068792 3469999 43836120
loop: 3,480,000 	 12100923 3479999 43947332
loop: 3,490,000 	 12137190 3489999 44071990
loop: 3,500,000 	 12173282 3499999 44196622
loop: 3,510,000 	 12208221 3509999 44325876
loop: 3,520,000 	 12245669 3519999 44471555
loop: 3,530,000 	 12281519 3529999 44597463
loop: 3,540,000 	 12318392 3539999 44723753
loop: 3,550,000 	 12354707 3549999 44843085
loop: 3,560,000 	 12389266 3559999 44960414
loop: 3,570,000 	 12424239 3569999 45086511
loop: 3,580,000 	 12460369 3579999 45221560
loop: 3,590,000 	 12497013 3589999 45351898
loop: 3,600,000 	 12533302 3599999 45477971
loop: 3,610,000 	 12568587 3609999 45604101
loop: 3,620,000 	 12603988 3619999 45724190
loop: 3,630,000 	 12641949 3629999 45862832
loop: 3,640,000 	 12678059 3639999 45990405
loop: 3,650,000 	 12712958 3649999 46113767
loop: 3,660,000 	 12748522 3659999 46234541
loop: 3,670,000 	 12784952 3669999 46366248
loop: 3,680,000 	 12821892 3679999 46497493
loop: 3,690,000 	 12857503 3689999 46620307
loop: 3,700,000 	 12894210 3699999 46749529
loop: 3,710,000 	 12930933 3709999 46872338
loop: 3,720,000 	 12968136 3719999 46994738

A-only SAMPLE
('0', '0', 'N', 0, 0, 251, 251)
('100', '100', 'N', 0, 0, 251, 251)
('100', '100666', 'N', -18, -20, 231, 231)
('100', '100666', 'N', -18, -20, 231, 231)
('100', '100668', 'I', -222, 222, 223, 223)
('100', '100668', 'I', 222, -222, 223, 223)
('100', '100972', 'I', -247, 247, 249, 249)
('100', '100972', 'I', 249, -249, 249, 249)
('100', '101079', 'I', -240, 241, 242, 242)
('100', '101079', 'I', 242, -241, 242, 242)
('100', '101478', 'N', -17, -17, 234, 234)
('100', '101478', 'N', -17, -17, 234, 234)
('100', '101597', 'N', -7, -7, 244, 244)
('100', '101597', 'N', -7, -7, 244, 244)
('100', '101973', 'N', -18, -21, 230, 230)
('100', '101973', 'N', -18, -21, 230, 230)
('100', '102261', 'N', -19, -20, 231, 231)
('100', '102261', 'N', -19, -20, 231, 231)
('100', '102463', 'N', -33, -33, 218, 218)
('100', '102463', 'N', -33, -33, 218, 218)

AB SAMPLE
('10000', '9853', 'N', -28, -28, 222, 222)
('100000', '1190', 'N', -52, -55, 196, 196)
('100000', '21241', 'N', -4, -4, 247, 247)
('100000', '22036', 'N', -52, -55, 196, 196)
('100000', '32830', 'N', 0, 0, 251, 251)
('100000', '33134', 'N', -52, -55, 196, 196)
('100000', '36524', 'N', -45, -45, 206, 206)
('100000', '38941', 'N', -8, -9, 242, 242)
('100000', '41910', 'N', -52, -55, 196, 196)
('100000', '43687', 'N', -52, -55, 196, 196)
('100000', '4413', 'N', -26, -27, 224, 224)
('100000', '47055', 'N', -13, -15, 236, 236)
('100000', '47644', 'N', 51, 50, 200, 200)
('100000', '52908', 'N', 40, 38, 211, 211)
('100000', '55014', 'N', -47, -47, 204, 204)
('100000', '59198', 'N', -52, -55, 196, 196)
('100000', '6073', 'N', -2, -2, 249, 249)
('100000', '61839', 'N', -16, -16, 235, 235)
('100000', '61884', 'N', 0, 0, 251, 251)
('100000', '61972', 'N', 0, 0, 251, 251)

B-only SAMPLE
('0', '100073', 'N', -101, -109, 142, 142)
('0', '100101', 'I', -19, -20, 231, 231)
('0', '100329', 'N', 140, 138, 111, 111)
('0', '100425', 'I', 74, 74, 177, 177)
('0', '100598', 'I', -235, -235, 16, 16)
('0', '100750', 'N', 43, 43, 208, 208)
('0', '100853', 'N', 223, 223, 28, 28)
('0', '101010', 'N', 9, 8, 242, 242)
('0', '101179', 'I', 131, 131, 120, 120)
('0', '101357', 'I', -234, -235, 16, 16)
('0', '10159', 'I', 218, 217, 33, 33)
('0', '101947', 'N', 85, 85, 166, 166)
('0', '102143', 'N', -87, -87, 164, 164)
('0', '102769', 'I', 198, 198, 53, 53)
('0', '102922', 'N', 235, 234, 16, 16)
('0', '102926', 'N', 24, 24, 227, 227)
('0', '102927', 'I', -230, -233, 18, 18)
('0', '102948', 'I', -235, -235, 16, 16)
('0', '10303', 'N', 43, 43, 208, 208)
('0', '10347', 'N', -249, -249, 2, 2)
COUNTS:  12992183 3725828 47066853
0.2228631145176301 0.07335363927728092 0.11037741992038831
DONE

Process finished with exit code 0
